Table 1
[0.10124]
Table 2
[0.41715, 0.29734]
[0.91632, 0.89042]
Table 3
[0.21204, 0.97794, 0.78602]
[0.42555, 0.72492, 0.86225]
[0.58983, 0.30769, 0.52447]
Table 4
[0.47803, 0.53596, 0.333, 0.6929]
[0.04746, 0.4556, 0.10072, 0.21116]
[0.46298, 0.24923, 0.83393, 0.14826]
[0.27262, 0.3309, 0.50469, 0.36255]
Table 5
[0.54824, 0.44066, 0.26885, 0.40647, 0.39674]
[0.8011, 0.77611, 0.11087, 0.12213, 0.55552]
[0.84411, 0.56562, 0.23565, 0.05263, 0.05737]
[0.4831, 0.96996, 0.97619, 0.9433, 0.15831]
[0.72873, 0.481, 0.72735, 0.01398, 0.60403]
Table 6
[0.18199, 0.21773, 0.28474, 0.01778, 0.62197, 0.05816]
[0.25929, 0.39038, 0.15875, 0.37042, 0.00056, 0.71603]
[0.1453, 0.01787, 0.49097, 0.03522, 0.24063, 0.20476]
[0.00395, 0.39954, 0.95687, 0.41128, 0.08746, 0.97104]
[0.93063, 0.55514, 0.60389, 0.49885, 0.52606, 0.42082]
[0.13928, 0.88914, 0.82053, 0.06443, 0.43497, 0.87976]
Table 7
[0.28868, 0.17882, 0.52618, 0.44049, 0.84978, 0.8716, 0.67089]
[0.68581, 0.31167, 0.95362, 0.00624, 0.41188, 0.92258, 0.29577]
[0.82674, 0.8499, 0.21926, 0.48646, 0.35833, 0.82588, 0.83492]
[0.35205, 0.44577, 0.28542, 0.71398, 0.24366, 0.45386, 0.14323]
[0.46568, 0.59047, 0.99132, 0.8729, 0.69308, 0.37904, 0.20614]
[0.21837, 0.69563, 0.52938, 0.02063, 0.83556, 0.53052, 0.92573]
[0.83247, 0.41202, 0.4019, 0.62351, 0.56268, 0.10163, 0.16144]
Table 8
[0.21333, 0.81561, 0.64169, 0.31206, 0.92219, 0.73219, 0.18576, 0.95129]
[0.60548, 0.55388, 0.09069, 0.79627, 0.53202, 0.89236, 0.55723, 0.58652]
[0.6161, 0.49704, 0.47866, 0.67965, 0.0249, 0.05432, 0.9152, 0.79449]
[0.56999, 0.38627, 0.40119, 0.99713, 0.20552, 0.66809, 0.94237, 0.46482]
[0.41486, 0.38886, 0.08323, 0.78521, 0.20629, 0.8638, 0.02236, 0.46367]
[0.60633, 0.22327, 0.58593, 0.27794, 0.12055, 0.48877, 0.92221, 0.40808]
[0.25819, 0.07006, 0.51842, 0.01946, 0.97934, 0.41171, 0.388, 0.02044]
[0.85508, 0.89838, 0.55657, 0.78212, 0.69822, 0.31074, 0.88714, 0.71646]
Table 9
[0.47154, 0.81561, 0.32023, 0.666, 0.61821, 0.1914, 0.11254, 0.69771, 0.28328]
[0.2891, 0.40316, 0.56471, 0.96679, 0.3248, 0.47695, 0.60403, 0.68926, 0.19528]
[0.36092, 0.91434, 0.32468, 0.81768, 0.0712, 0.23957, 0.30798, 0.38804, 0.52245]
[0.24527, 0.87725, 0.02187, 0.09816, 0.6417, 0.13495, 0.65927, 0.62594, 0.01591]
[0.37803, 0.78348, 0.1549, 0.98987, 0.13401, 0.37897, 0.93189, 0.53093, 0.68586]
[0.56592, 0.71462, 0.18532, 0.79618, 0.63416, 0.79131, 0.79046, 0.66278, 0.91745]
[0.1213, 0.39672, 0.97627, 0.93953, 0.60868, 0.2714, 0.55618, 0.64618, 0.97637]
[0.78326, 0.93886, 0.65217, 0.25864, 0.72606, 0.14293, 0.3197, 0.69511, 0.72981]
[0.54518, 0.38649, 0.86666, 0.44261, 0.30101, 0.78634, 0.37795, 0.40893, 0.057]
Table 10
[0.96848, 0.35446, 0.09127, 0.88461, 0.55492, 0.02439, 0.2117, 0.46798, 0.60251, 0.95867]
[0.35554, 0.54851, 0.69917, 0.4317, 0.91466, 0.78098, 0.93474, 0.24668, 0.85181, 0.23433]
[0.7488, 0.99854, 0.71715, 0.4136, 0.70884, 0.30489, 0.68306, 0.18033, 0.98743, 0.23486]
[0.00029, 0.50993, 0.95588, 0.00582, 0.53931, 0.15152, 0.30119, 0.70378, 0.45399, 0.70852]
[0.61042, 0.11848, 0.40298, 0.60463, 0.1208, 0.21472, 0.23799, 0.31321, 0.911, 0.54123]
[0.76785, 0.3964, 0.20482, 0.28525, 0.95914, 0.22757, 0.78819, 0.92798, 0.24136, 0.69501]
[0.34646, 0.70294, 0.31477, 0.5341, 0.2169, 0.69977, 0.50825, 0.26569, 0.34073, 0.37419]
[0.66283, 0.94665, 0.06999, 0.88314, 0.92233, 0.68584, 0.92134, 0.97473, 0.70397, 0.09941]
[0.41964, 0.60057, 0.04239, 0.8377, 0.2904, 0.69426, 0.28708, 0.80366, 0.18025, 0.23129]
[0.99315, 0.31371, 0.66021, 0.35223, 0.7733, 0.20385, 0.78687, 0.44014, 0.16006, 0.1522]
Table 11
[0.86556, 0.99126, 0.53426, 0.16951, 0.48001, 0.78309, 0.20147, 0.72899, 0.60916, 0.41606, 0.19568]
[0.5392, 0.67261, 0.61538, 0.96884, 0.7311, 0.64352, 0.52343, 0.25926, 0.16072, 0.36698, 0.71549]
[0.909, 0.08271, 0.10178, 0.72393, 0.63166, 0.71779, 0.09009, 0.5707, 0.71428, 0.27297, 0.00328]
[0.89614, 0.76996, 0.39793, 0.1912, 0.13949, 0.96419, 0.44022, 0.42921, 0.93487, 0.31325, 0.89922]
[0.46571, 0.57174, 0.30744, 0.11067, 0.16325, 0.88618, 0.09282, 0.09524, 0.9719, 0.17168, 0.17489]
[0.21568, 0.34809, 0.32924, 0.60025, 0.67454, 0.11278, 0.826, 0.68165, 0.28835, 0.63728, 0.55603]
[0.79073, 0.98933, 0.683, 0.63889, 0.78403, 0.31651, 0.76427, 0.61475, 0.45467, 0.22924, 0.50912]
[0.16124, 0.9876, 0.3545, 0.4379, 0.36471, 0.79986, 0.85899, 0.00078, 0.00673, 0.40978, 0.59665]
[0.51978, 0.46889, 0.73871, 0.65903, 0.98123, 0.97843, 0.93809, 0.88271, 0.2962, 0.4521, 0.85476]
[0.61543, 0.88101, 0.81298, 0.93259, 0.28514, 0.07504, 0.05915, 0.16253, 0.01758, 0.57748, 0.38696]
[0.2578, 0.26942, 0.43183, 0.81831, 0.70829, 0.29778, 0.64727, 0.18775, 0.75818, 0.61213, 0.94483]
Table 12
[0.5974, 0.68684, 0.38718, 0.41471, 0.7028, 0.92645, 0.0994, 0.14245, 0.66909, 0.87178, 0.40662, 0.29486]
[0.79583, 0.16917, 0.53966, 0.97593, 0.8773, 0.14413, 0.06002, 0.30365, 0.64992, 0.60779, 0.9541, 0.95045]
[0.53106, 0.10881, 0.9612, 0.98347, 0.41909, 0.82078, 0.60072, 0.32148, 0.746, 0.39449, 0.28919, 0.22843]
[0.17472, 0.3824, 0.01876, 0.11713, 0.50693, 0.07107, 0.57259, 0.5515, 0.01253, 0.03168, 0.86767, 0.6082]
[0.32738, 0.37281, 0.72582, 0.43685, 0.27999, 0.63157, 0.11033, 0.54188, 0.97435, 0.54243, 0.1373, 0.3572]
[0.20418, 0.78885, 0.3614, 0.18179, 0.91379, 0.754, 0.8092, 0.16354, 0.58474, 0.07202, 0.25027, 0.9292]
[0.5435, 0.92481, 0.06813, 0.41905, 0.96999, 0.72261, 0.90114, 0.47652, 0.3725, 0.7252, 0.55388, 0.21066]
[0.88328, 0.87443, 0.48459, 0.98068, 0.22073, 0.50816, 0.86682, 0.39383, 0.71531, 0.10707, 0.43195, 0.24052]
[0.25669, 0.45761, 0.28751, 0.38319, 0.57356, 0.09875, 0.21402, 0.37013, 0.65686, 0.54983, 0.87808, 0.29331]
[0.62058, 0.13015, 0.31657, 0.3073, 0.67777, 0.8458, 0.04752, 0.38759, 0.8922, 0.70063, 0.52421, 0.80816]
[0.12573, 0.62389, 0.99931, 0.22096, 0.94431, 0.38058, 0.95296, 0.62654, 0.40391, 0.50012, 0.37869, 0.89198]
[0.38509, 0.55208, 0.65347, 0.56825, 0.66501, 0.34187, 0.18164, 0.0068, 0.80365, 0.78967, 0.76182, 0.84258]
Table 13
[0.10406, 0.60808, 0.18836, 0.48171, 0.25702, 0.5844, 0.14807, 0.61308, 0.70805, 0.92428, 0.07659, 0.0179, 0.28546]
[0.87012, 0.69557, 0.89004, 0.76266, 0.72663, 0.06424, 0.8087, 0.5483, 0.48276, 0.49191, 0.96254, 0.13973, 0.90477]
[0.66547, 0.10975, 0.34143, 0.17471, 0.91236, 0.58175, 0.50018, 0.51145, 0.07196, 0.53806, 0.8978, 0.52517, 0.24329]
[0.19342, 0.11628, 0.10178, 0.51134, 0.40962, 0.61024, 0.64181, 0.22479, 0.19928, 0.04619, 0.15643, 0.6208, 0.67613]
[0.75375, 0.88533, 0.18447, 0.34976, 0.94847, 0.09703, 0.52727, 0.20917, 0.35098, 0.71314, 0.65457, 0.29197, 0.97635]
[0.56926, 0.46726, 0.19928, 0.63639, 0.89866, 0.09715, 0.45633, 0.78763, 0.95177, 0.34817, 0.618, 0.97058, 0.11608]
[0.31683, 0.02484, 0.7624, 0.79317, 0.93437, 0.78774, 0.72551, 0.10662, 0.0108, 0.91792, 0.26092, 0.51552, 0.76322]
[0.61277, 0.72828, 0.55902, 0.42973, 0.7904, 0.1082, 0.15536, 0.6179, 0.97147, 0.38259, 0.09601, 0.64749, 0.85185]
[0.68954, 0.54569, 0.22972, 0.42701, 0.25235, 0.30874, 0.30192, 0.21942, 0.80606, 0.85678, 0.72542, 0.10065, 0.20583]
[0.36809, 0.89403, 0.50329, 0.60668, 0.03796, 0.84421, 0.80689, 0.54166, 0.35667, 0.52905, 0.97758, 0.62671, 0.98711]
[0.11342, 0.35764, 0.94814, 0.58623, 0.63389, 0.39195, 0.23284, 0.18692, 0.93461, 0.08985, 0.88112, 0.0272, 0.69126]
[0.4012, 0.28909, 0.40714, 0.96065, 0.68887, 0.38429, 0.06232, 0.3652, 0.6532, 0.57057, 0.73458, 0.98931, 0.45404]
[0.67197, 0.5741, 0.08517, 0.66625, 0.72031, 0.65773, 0.66737, 0.04713, 0.92105, 0.12135, 0.01199, 0.20467, 0.30752]
Table 14
[0.19521, 0.26419, 0.3576, 0.87161, 0.24115, 0.96071, 0.43392, 0.25936, 0.97076, 0.08451, 0.70895, 0.70102, 0.80348, 0.95762]
[0.59642, 0.78641, 0.51612, 0.09071, 0.23828, 0.92979, 0.76656, 0.28802, 0.98604, 0.65465, 0.43479, 0.55457, 0.27086, 0.82044]
[0.95736, 0.50488, 0.55647, 0.73577, 0.96228, 0.03222, 0.87055, 0.63223, 0.10849, 0.04913, 0.6051, 0.63308, 0.94989, 0.47768]
[0.32958, 0.3046, 0.59086, 0.97469, 0.50502, 0.56787, 0.78876, 0.626, 0.15608, 0.93547, 0.8122, 0.14481, 0.92151, 0.82349]
[0.4989, 0.18767, 0.29847, 0.63762, 0.94054, 0.25823, 0.4847, 0.69985, 0.64238, 0.26699, 0.44095, 0.81253, 0.38425, 0.19501]
[0.8082, 0.93877, 0.99944, 0.36706, 0.05145, 0.42749, 0.17964, 0.40029, 0.79939, 0.07794, 0.10304, 0.36085, 0.29002, 0.06457]
[0.76807, 0.20611, 0.08286, 0.71287, 0.43141, 0.81297, 0.34899, 0.76763, 0.40368, 0.44933, 0.94384, 0.38233, 0.8804, 0.88009]
[0.60583, 0.36585, 0.40858, 0.98448, 0.85023, 0.9185, 0.91266, 0.66659, 0.04653, 0.14941, 0.00349, 0.06474, 0.57735, 0.53566]
[0.60407, 0.09558, 0.26919, 0.86102, 0.74749, 0.51948, 0.08437, 0.02434, 0.82837, 0.25077, 0.08955, 0.37354, 0.64796, 0.46215]
[0.35555, 0.09679, 0.72812, 0.19754, 0.29125, 0.73118, 0.43412, 0.36891, 0.0382, 0.24761, 0.78718, 0.3195, 0.6525, 0.69168]
[0.08332, 0.29918, 0.10054, 0.66155, 0.01062, 0.63545, 0.64773, 0.35156, 0.01441, 0.55015, 0.28923, 0.53557, 0.69757, 0.4737]
[0.04949, 0.05664, 0.87076, 0.62044, 0.19526, 0.74813, 0.32566, 0.37496, 0.7345, 0.98447, 0.90757, 0.82798, 0.73859, 0.73323]
[0.11678, 0.5128, 0.71788, 0.32243, 0.73423, 0.00921, 0.94636, 0.035, 0.2876, 0.79228, 0.81415, 0.60065, 0.59248, 0.84261]
[0.72119, 0.62588, 0.82905, 0.80684, 0.19958, 0.36769, 0.23074, 0.98357, 0.14131, 0.65279, 0.48446, 0.58455, 0.66875, 0.83832]
Table 15
[0.07152, 0.02462, 0.44445, 0.20912, 0.6599, 0.51177, 0.77813, 0.30682, 0.19172, 0.9654, 0.80174, 0.57238, 0.98452, 0.30964, 0.03753]
[0.97311, 0.68321, 0.04753, 0.1272, 0.26857, 0.27673, 0.61329, 0.25514, 0.23515, 0.9817, 0.73083, 0.5645, 0.63451, 0.67422, 0.72141]
[0.24873, 0.16253, 0.83574, 0.28604, 0.95433, 0.16992, 0.18759, 0.55148, 0.47204, 0.40074, 0.81545, 0.0626, 0.49896, 0.59141, 0.98174]
[0.62352, 0.72321, 0.98116, 0.08793, 0.97149, 0.05332, 0.31528, 0.86436, 0.52535, 0.87114, 0.45515, 0.89862, 0.1097, 0.21451, 0.24774]
[0.37668, 0.97221, 0.83082, 0.05247, 0.6171, 0.41679, 0.74584, 0.56598, 0.77729, 0.82946, 0.00685, 0.10548, 0.69232, 0.83301, 0.45726]
[0.21538, 0.06275, 0.60922, 0.30678, 0.60625, 0.01081, 0.00828, 0.16613, 0.75254, 0.23479, 0.37795, 0.55972, 0.05242, 0.80344, 0.4062]
[0.70611, 0.91833, 0.34935, 0.90074, 0.01966, 0.32089, 0.10704, 0.74683, 0.12394, 0.36707, 0.98476, 0.0155, 0.43016, 0.93645, 0.90202]
[0.45235, 0.05889, 0.94862, 0.82272, 0.22599, 0.92608, 0.51008, 0.91951, 0.98003, 0.68864, 0.8265, 0.73704, 0.29321, 0.11454, 0.91464]
[0.73341, 0.90074, 0.77181, 0.25574, 0.40503, 0.47086, 0.1025, 0.52094, 0.86121, 0.05481, 0.21345, 0.47809, 0.20207, 0.53375, 0.74068]
[0.20455, 0.50345, 0.47694, 0.32666, 0.21837, 0.90307, 0.45451, 0.79627, 0.34443, 0.75999, 0.02401, 0.33502, 0.34623, 0.63363, 0.83901]
[0.82138, 0.48716, 0.06294, 0.32715, 0.42386, 0.35589, 0.76326, 0.45245, 0.88897, 0.06915, 0.80772, 0.90684, 0.39253, 0.69135, 0.45501]
[0.0379, 0.45408, 0.8951, 0.55103, 0.90334, 0.33014, 0.38603, 0.69119, 0.20771, 0.43409, 0.70195, 0.65014, 0.9344, 0.44999, 0.422]
[0.98755, 0.99061, 0.63967, 0.30378, 0.07447, 0.19339, 0.07863, 0.67185, 0.9902, 0.21694, 0.72508, 0.63337, 0.69626, 0.72688, 0.62212]
[0.82025, 0.18843, 0.75863, 0.98017, 0.15172, 0.94481, 0.65332, 0.85269, 0.67907, 0.26318, 0.98456, 0.53726, 0.71465, 0.68847, 0.35065]
[0.24144, 0.23682, 0.64438, 0.01142, 0.32851, 0.66557, 0.06348, 0.9097, 0.34301, 0.80996, 0.3887, 0.22602, 0.74515, 0.65441, 0.83128]
Table 16
[0.04979, 0.39071, 0.16731, 0.3986, 0.42352, 0.19576, 0.35344, 0.5492, 0.04208, 0.40797, 0.54651, 0.00321, 0.20735, 0.17387, 0.14426, 0.44588]
[0.93983, 0.02664, 0.73943, 0.43644, 0.11335, 0.55382, 0.18319, 0.37429, 0.73538, 0.95163, 0.05901, 0.14531, 0.86951, 0.56518, 0.67181, 0.77421]
[0.24613, 0.76673, 0.41372, 0.0896, 0.50341, 0.42278, 0.43549, 0.56552, 0.82336, 0.75643, 0.59934, 0.384, 0.18808, 0.21651, 0.99749, 0.55295]
[0.66004, 0.68067, 0.8286, 0.0627, 0.59544, 0.21079, 0.93059, 0.31469, 0.02167, 0.37163, 0.60274, 0.93845, 0.04815, 0.55717, 0.88265, 0.04777]
[0.38899, 0.95685, 0.59507, 0.27495, 0.95214, 0.17001, 0.16948, 0.1504, 0.36539, 0.01312, 0.31773, 0.33696, 0.66756, 0.74982, 0.47444, 0.85514]
[0.4925, 0.99555, 0.79737, 0.58282, 0.371, 0.39652, 0.0179, 0.63406, 0.76269, 0.78301, 0.86199, 0.14727, 0.99725, 0.10682, 0.56447, 0.2765]
[0.01079, 0.41915, 0.04152, 0.28056, 0.94575, 0.64048, 0.98784, 0.03009, 0.20648, 0.43631, 0.67092, 0.44984, 0.72597, 0.87197, 0.11284, 0.73468]
[0.33909, 0.49824, 0.44574, 0.70859, 0.93294, 0.72206, 0.17211, 0.42477, 0.36627, 0.39539, 0.01161, 0.30036, 0.47275, 0.22002, 0.85994, 0.0007]
[0.91441, 0.84917, 0.77273, 0.65677, 0.3162, 0.42708, 0.21035, 0.09034, 0.18157, 0.64221, 0.41346, 0.80232, 0.91252, 0.52934, 0.88628, 0.92007]
[0.47371, 0.4308, 0.51194, 0.51361, 0.23659, 0.9154, 0.94467, 0.95165, 0.68871, 0.91775, 0.00972, 0.61414, 0.89971, 0.75638, 0.53604, 0.23097]
[0.56516, 0.41501, 0.07002, 0.82468, 0.15263, 0.92901, 0.28192, 0.29494, 0.8655, 0.98931, 0.42695, 0.68521, 0.45334, 0.77364, 0.41216, 0.49675]
[0.36793, 0.85116, 0.06587, 0.87634, 0.85722, 0.49735, 0.29329, 0.08206, 0.95339, 0.37691, 0.85387, 0.28274, 0.84921, 0.84067, 0.72635, 0.41498]
[0.2133, 0.3816, 0.35974, 0.53013, 0.07211, 0.73235, 0.17358, 0.70784, 0.01537, 0.57854, 0.58895, 0.87986, 0.5707, 0.53651, 0.43632, 0.2624]
[0.16731, 0.42553, 0.74401, 0.14336, 0.62098, 0.8389, 0.55784, 0.53274, 0.96231, 0.01116, 0.6256, 0.77713, 0.27143, 0.92054, 0.06305, 0.17805]
[0.54961, 0.08444, 0.81389, 0.41007, 0.53097, 0.37524, 0.83395, 0.07741, 0.0514, 0.89297, 0.21085, 0.89641, 0.33707, 0.39329, 0.1101, 0.58288]
[0.34635, 0.28973, 0.43137, 0.31947, 0.64877, 0.20581, 0.37337, 0.26911, 0.99089, 0.95408, 0.64183, 0.57033, 0.61322, 0.53765, 0.61394, 0.97432]
Table 17
[0.92534, 0.24608, 0.48231, 0.39706, 0.29147, 0.6571, 0.25893, 0.02962, 0.24369, 0.37278, 0.31155, 0.30201, 0.91574, 0.59306, 0.24225, 0.33931, 0.50692]
[0.57009, 0.73094, 0.71395, 0.18557, 0.94581, 0.2837, 0.6229, 0.23014, 0.9344, 0.27018, 0.78078, 0.48389, 0.20601, 0.27905, 0.32704, 0.02091, 0.34349]
[0.3086, 0.49368, 0.70398, 0.30075, 0.94521, 0.39845, 0.11119, 0.24706, 0.4079, 0.21256, 0.86148, 0.49028, 0.04985, 0.0517, 0.58645, 0.49083, 0.41773]
[0.14933, 0.05252, 0.41725, 0.87694, 0.97781, 0.07718, 0.43459, 0.14887, 0.4608, 0.00649, 0.15471, 0.5021, 0.05087, 0.10541, 0.43637, 0.38929, 0.56184]
[0.87881, 0.25321, 0.71211, 0.72501, 0.82311, 0.36582, 0.79335, 0.96117, 0.1732, 0.25308, 0.32761, 0.39311, 0.35287, 0.48387, 0.44434, 0.75933, 0.94402]
[0.86893, 0.46557, 0.28157, 0.59046, 0.2554, 0.25217, 0.61372, 0.41742, 0.39967, 0.70151, 0.70443, 0.30942, 0.36631, 0.70055, 0.19625, 0.79266, 0.97271]
[0.80225, 0.72425, 0.61289, 0.2485, 0.16308, 0.69533, 0.11085, 0.80099, 0.14563, 0.8238, 0.9879, 0.54706, 0.75857, 0.97318, 0.83695, 0.95083, 0.12605]
[0.7505, 0.27233, 0.2951, 0.69421, 0.80854, 0.85731, 0.52322, 0.67134, 0.01981, 0.62361, 0.22286, 0.53143, 0.43967, 0.73451, 0.38047, 0.01477, 0.61947]
[0.48683, 0.90356, 0.97974, 0.58554, 0.55073, 0.98014, 0.07753, 0.23223, 0.74292, 0.3055, 0.88937, 0.00895, 0.60116, 0.40015, 0.29094, 0.43076, 0.80468]
[0.19199, 0.76638, 0.96859, 0.70047, 0.72172, 0.26777, 0.74671, 0.04618, 0.17431, 0.96003, 0.95545, 0.51444, 0.14006, 0.58404, 0.63681, 0.0609, 0.19696]
[0.42022, 0.21177, 0.97741, 0.06297, 0.8304, 0.92489, 0.63161, 0.31019, 0.08101, 0.979, 0.13683, 0.22827, 0.11143, 0.44876, 0.38853, 0.34024, 0.99878]
[0.6884, 0.66402, 0.14497, 0.88165, 0.43302, 0.10415, 0.50112, 0.04469, 0.59055, 0.25583, 0.45759, 0.84769, 0.22992, 0.09481, 0.1004, 0.5394, 0.67068]
[0.16469, 0.45692, 0.05383, 0.98797, 0.23491, 0.18116, 0.95631, 0.96618, 0.14341, 0.24828, 0.63277, 0.89011, 0.48376, 0.82609, 0.68001, 0.1613, 0.12938]
[0.11269, 0.38546, 0.08753, 0.29722, 0.69173, 0.45363, 0.87653, 0.42605, 0.15161, 0.74055, 0.793, 0.99386, 0.27665, 0.27623, 0.13153, 0.50866, 0.66671]
[0.93344, 0.47927, 0.71267, 0.31525, 0.65814, 0.07245, 0.44552, 0.02095, 0.45974, 0.55355, 0.14472, 0.86648, 0.65394, 0.57635, 0.94622, 0.25314, 0.81626]
[0.29914, 0.51228, 0.6455, 0.15864, 0.67835, 0.50073, 0.16693, 0.79081, 0.64509, 0.61422, 0.02521, 0.67343, 0.41995, 0.67136, 0.76597, 0.03404, 0.44084]
[0.40295, 0.75448, 0.74709, 0.24549, 0.41634, 0.93024, 0.61967, 0.34935, 0.36848, 0.67074, 0.26751, 0.48315, 0.07353, 0.18515, 0.74375, 0.25792, 0.64984]
Table 18
[0.98716, 0.81045, 0.38434, 0.3415, 0.25517, 0.09617, 0.66946, 0.90965, 0.89209, 0.63841, 0.66735, 0.35393, 0.95529, 0.91481, 0.35613, 0.02762, 0.52356, 0.1302]
[0.0975, 0.06008, 0.17098, 0.93003, 0.84356, 0.36353, 0.51595, 0.85899, 0.54398, 0.28921, 0.87881, 0.09378, 0.26561, 0.34803, 0.64508, 0.54432, 0.36385, 0.29712]
[0.82255, 0.18979, 0.36852, 0.1026, 0.2435, 0.94843, 0.79969, 0.85082, 0.26171, 0.53477, 0.52939, 0.54252, 0.42219, 0.24662, 0.77573, 0.49455, 0.0182, 0.13834]
[0.48938, 0.04436, 0.22382, 0.66302, 0.83654, 0.60663, 0.90757, 0.76995, 0.89471, 0.51373, 0.01797, 0.68454, 0.87783, 0.96823, 0.26612, 0.16731, 0.866, 0.12908]
[0.3627, 0.6889, 0.80007, 0.24667, 0.017, 0.65713, 0.76818, 0.61123, 0.30066, 0.19174, 0.61661, 0.93424, 0.20907, 0.30071, 0.4443, 0.00999, 0.284, 0.37983]
[0.77468, 0.77625, 0.59597, 0.75344, 0.53163, 0.87877, 0.55736, 0.44104, 0.0056, 0.10085, 0.33097, 0.33723, 0.15145, 0.59854, 0.88347, 0.84388, 0.2769, 0.73972]
[0.95147, 0.23703, 0.63223, 0.25581, 0.38104, 0.48501, 0.28722, 0.97408, 0.0497, 0.20965, 0.28159, 0.21081, 0.41666, 0.2528, 0.00883, 0.02161, 0.59673, 0.66524]
[0.28288, 0.50561, 0.57513, 0.66642, 0.9132, 0.84311, 0.74816, 0.61555, 0.5258, 0.19259, 0.74187, 0.4883, 0.25076, 0.0366, 0.83381, 0.75108, 0.36229, 0.04682]
[0.29595, 0.77237, 0.4455, 0.97991, 0.19886, 0.2761, 0.48402, 0.33052, 0.17192, 0.54115, 0.13313, 0.61072, 0.29204, 0.87115, 0.38977, 0.9018, 0.67668, 0.98866]
[0.06102, 0.75447, 0.0139, 0.10406, 0.51675, 0.54187, 0.57383, 0.44385, 0.56148, 0.47287, 0.45191, 0.13638, 0.06767, 0.24314, 0.42379, 0.31001, 0.03442, 0.97168]
[0.06521, 0.72361, 0.22121, 0.24048, 0.50405, 0.95748, 0.46176, 0.91941, 0.66196, 0.99579, 0.50322, 0.57013, 0.83214, 0.43656, 0.8208, 0.84953, 0.13114, 0.19991]
[0.25803, 0.85656, 0.46958, 0.27651, 0.94661, 0.91736, 0.75958, 0.6833, 0.80879, 0.29066, 0.54588, 0.21144, 0.55992, 0.36003, 0.69147, 0.65755, 0.65689, 0.94308]
[0.07973, 0.18942, 0.77966, 0.35735, 0.97437, 0.21454, 0.00748, 0.56554, 0.9485, 0.67706, 0.56704, 0.49232, 0.57596, 0.15028, 0.58085, 0.02981, 0.40497, 0.65085]
[0.41568, 0.72598, 0.05893, 0.9638, 0.33413, 0.62417, 0.18491, 0.69667, 0.6748, 0.49429, 0.74131, 0.37746, 0.91217, 0.2963, 0.91848, 0.00508, 0.52527, 0.3129]
[0.28946, 0.60768, 0.52287, 0.27379, 0.82655, 0.86408, 0.6645, 0.85561, 0.89902, 0.56778, 0.3987, 0.3001, 0.63034, 0.80837, 0.46574, 0.10233, 0.7581, 0.33002]
[0.31985, 0.84568, 0.42303, 0.90599, 0.33818, 0.57936, 0.67317, 0.85873, 0.40056, 0.85817, 0.80155, 0.50988, 0.06503, 0.68276, 0.19463, 0.42822, 0.29276, 0.75633]
[0.01857, 0.14286, 0.64308, 0.44664, 0.7401, 0.3571, 0.37502, 0.81944, 0.61593, 0.56853, 0.48673, 0.65743, 0.28928, 0.52815, 0.32653, 0.74291, 0.32145, 0.87311]
[0.273, 0.45393, 0.81333, 0.89901, 0.41115, 0.72332, 0.01024, 0.60192, 0.22404, 0.41907, 0.51947, 0.23598, 0.22825, 0.27216, 0.54057, 0.94891, 0.07671, 0.47791]
Table 19
[0.72305, 0.52354, 0.9816, 0.88486, 0.94143, 0.54147, 0.09133, 0.53788, 0.09873, 0.79612, 0.33867, 0.92417, 0.34646, 0.25352, 0.11725, 0.6478, 0.66514, 0.6086, 0.21231]
[0.11321, 0.78406, 0.84504, 0.21913, 0.1143, 0.48808, 0.17134, 0.45808, 0.72321, 0.72699, 0.58798, 0.34785, 0.7259, 0.26342, 0.8464, 0.89815, 0.16541, 0.30502, 0.3875]
[0.21678, 0.34553, 0.40035, 0.36084, 0.37765, 0.167, 0.47118, 0.54314, 0.4167, 0.481, 0.5163, 0.86253, 0.9563, 0.88567, 0.62678, 0.36666, 0.46381, 0.58408, 0.59445]
[0.74385, 0.83259, 0.79482, 0.47254, 0.00038, 0.78422, 0.95346, 0.7557, 0.21581, 0.49, 0.94183, 0.90203, 0.50042, 0.25159, 0.59118, 0.65043, 0.4139, 0.31069, 0.81356]
[0.39256, 0.72467, 0.36589, 0.19307, 0.45883, 0.74025, 0.70322, 0.19034, 0.50557, 0.92669, 0.60944, 0.04487, 0.9216, 0.52741, 0.32477, 0.43676, 0.51026, 0.55483, 0.46158]
[0.81705, 0.66431, 0.51558, 0.84514, 0.45874, 0.08948, 0.06149, 0.69732, 0.29549, 0.20532, 0.60831, 0.94355, 0.30048, 0.491, 0.78456, 0.84374, 0.45112, 0.06613, 0.18563]
[0.8393, 0.9074, 0.63622, 0.88829, 0.08652, 0.27983, 0.25396, 0.81387, 0.46892, 0.23672, 0.60773, 0.97624, 0.06403, 0.67755, 0.80281, 0.08177, 0.552, 0.14291, 0.6476]
[0.01797, 0.55944, 0.10331, 0.95908, 0.97856, 0.57669, 0.26904, 0.70215, 0.03246, 0.65388, 0.94032, 0.6361, 0.10933, 0.00259, 0.35295, 0.25776, 0.5081, 0.34569, 0.13144]
[0.11131, 0.70806, 0.98267, 0.08752, 0.51441, 0.71807, 0.7695, 0.67755, 0.15895, 0.42352, 0.48309, 0.71092, 0.46128, 0.37393, 0.57123, 0.43912, 0.08764, 0.65381, 0.89672]
[0.58459, 0.1155, 0.16367, 0.46689, 0.53212, 0.4551, 0.023, 0.0962, 0.35269, 0.94758, 0.53474, 0.13172, 0.41108, 0.38532, 0.80576, 0.15446, 0.72957, 0.68539, 0.95164]
[0.37502, 0.02272, 0.47919, 0.5323, 0.39033, 0.82053, 0.60285, 0.01004, 0.38175, 0.85204, 0.38424, 0.82564, 0.94317, 0.51689, 0.82074, 0.04452, 0.72179, 0.989, 0.44423]
[0.63517, 0.53573, 0.10316, 0.38397, 0.73222, 0.53884, 0.01675, 0.21151, 0.05079, 0.88048, 0.49948, 0.01233, 0.25447, 0.39879, 0.25462, 0.55823, 0.16911, 0.70311, 0.56042]
[0.85229, 0.95915, 0.77728, 0.73952, 0.67002, 0.40343, 0.28048, 0.18115, 0.5748, 0.60002, 0.00614, 0.67602, 0.99823, 0.36938, 0.86277, 0.08819, 0.32211, 0.80956, 0.64269]
[0.12276, 0.54026, 0.7384, 0.48519, 0.49006, 0.7843, 0.33554, 0.99199, 0.44844, 0.08197, 0.38705, 0.47415, 0.36513, 0.58894, 0.52695, 0.69121, 0.94161, 0.31684, 0.57215]
[0.27845, 0.79618, 0.39272, 0.09867, 0.69072, 0.98196, 0.8427, 0.0762, 0.68124, 0.42083, 0.79583, 0.52321, 0.82388, 0.02516, 0.14707, 0.98435, 0.9046, 0.44275, 0.59616]
[0.76841, 0.74326, 0.42775, 0.06107, 0.76464, 0.24272, 0.02156, 0.57598, 0.27224, 0.21077, 0.88271, 0.33254, 0.56693, 0.34279, 0.92111, 0.79482, 0.16291, 0.20222, 0.80277]
[0.93021, 0.72161, 0.0465, 0.93684, 0.05304, 0.40886, 0.89399, 0.99533, 0.57562, 0.22218, 0.21969, 0.37316, 0.35942, 0.88142, 0.49763, 0.2901, 0.42711, 0.55068, 0.94301]
[0.32827, 0.32221, 0.69927, 0.5948, 0.03768, 0.05319, 0.96046, 0.44709, 0.82836, 0.2633, 0.76083, 0.6318, 0.22493, 0.54399, 0.54943, 0.7868, 0.46123, 0.17706, 0.68023]
[0.02049, 0.94175, 0.48826, 0.04825, 0.97115, 0.65266, 0.32198, 0.71822, 0.70994, 0.85348, 0.61025, 0.11007, 0.72536, 0.2761, 0.25327, 0.51446, 0.6144, 0.26161, 0.80437]
Table 20
[0.79709, 0.21057, 0.43583, 0.80207, 0.26348, 0.77832, 0.49564, 0.6402, 0.6281, 0.32689, 0.19572, 0.2186, 0.91781, 0.72852, 0.56474, 0.17611, 0.99941, 0.55806, 0.35528, 0.86449]
[0.5364, 0.46727, 0.23288, 0.42141, 0.7095, 0.62517, 0.1073, 0.05845, 0.84179, 0.85744, 0.45743, 0.5665, 0.82615, 0.87967, 0.34597, 0.33232, 0.26534, 0.8689, 0.60397, 0.24714]
[0.20045, 0.89026, 0.37787, 0.03397, 0.19725, 0.78264, 0.35497, 0.58601, 0.30513, 0.5486, 0.62929, 0.56406, 0.13582, 0.2962, 0.37478, 0.16109, 0.23526, 0.97308, 0.28901, 0.47918]
[0.8302, 0.31408, 0.97066, 0.86262, 0.86146, 0.45817, 0.07506, 0.45525, 0.15491, 0.19999, 0.11171, 0.62672, 0.82061, 0.70914, 0.18689, 0.35347, 0.18118, 0.46669, 0.41353, 0.17326]
[0.72947, 0.30121, 0.31562, 0.5534, 0.97219, 0.28665, 0.72581, 0.54589, 0.95372, 0.93063, 0.86615, 0.26803, 0.52561, 0.48389, 0.48216, 0.404, 0.65944, 0.49813, 0.69893, 0.08394]
[0.31413, 0.15716, 0.0395, 0.93685, 0.37732, 0.32502, 0.73351, 0.45563, 0.40585, 0.97789, 0.17463, 0.05815, 0.56895, 0.35936, 0.72546, 0.14104, 0.80753, 0.08973, 0.13844, 0.47706]
[0.01708, 0.42009, 0.8693, 0.54029, 0.85623, 0.89982, 0.13086, 0.08831, 0.77324, 0.78852, 0.62354, 0.95813, 0.53043, 0.32492, 0.05325, 0.9833, 0.31919, 0.48115, 0.92235, 0.42612]
[0.80559, 0.37373, 0.0114, 0.02216, 0.60523, 0.13714, 0.05153, 0.82889, 0.41069, 0.35944, 0.82702, 0.81311, 0.3952, 0.72691, 0.06971, 0.3268, 0.06962, 0.20216, 0.53701, 0.37293]
[0.6367, 0.67049, 0.30718, 0.81075, 0.00404, 0.22352, 0.25558, 0.80345, 0.12436, 0.82601, 0.25108, 0.11983, 0.97108, 0.42594, 0.61109, 0.9542, 0.83139, 0.17059, 0.74791, 0.90008]
[0.62636, 0.9468, 0.76186, 0.97609, 0.19691, 0.98163, 0.58376, 0.00208, 0.87942, 0.03638, 0.16076, 0.82587, 0.23844, 0.94418, 0.45075, 0.22295, 0.22507, 0.61316, 0.55191, 0.40195]
[0.70224, 0.80658, 0.29052, 0.40364, 0.71787, 0.01005, 0.20428, 0.83199, 0.96416, 0.16952, 0.92788, 0.12838, 0.20912, 0.07078, 0.22763, 0.49968, 0.10429, 0.94441, 0.65599, 0.11285]
[0.28514, 0.01703, 0.54824, 0.98812, 0.0731, 0.82562, 0.90938, 0.34049, 0.14882, 0.13621, 0.84374, 0.31166, 0.49082, 0.16261, 0.30359, 0.11943, 0.57567, 0.46949, 0.34359, 0.09338]
[0.40519, 0.80543, 0.75458, 0.83352, 0.32099, 0.91951, 0.73253, 0.29498, 0.66786, 0.5347, 0.30909, 0.37605, 0.24512, 0.83426, 0.33081, 0.46964, 0.19834, 0.28579, 0.57244, 0.29476]
[0.99708, 0.09524, 0.28983, 0.6476, 0.70602, 0.01221, 0.06088, 0.49273, 0.26076, 0.52636, 0.81195, 0.60518, 0.54735, 0.99095, 0.83222, 0.06103, 0.45038, 0.59859, 0.63329, 0.50402]
[0.02859, 0.33216, 0.87331, 0.6195, 0.58285, 0.68743, 0.33107, 0.43125, 0.33589, 0.93525, 0.88858, 0.69082, 0.08655, 0.62615, 0.56235, 0.76531, 0.13106, 0.9239, 0.09633, 0.99266]
[0.63371, 0.53029, 0.30528, 0.21805, 0.02551, 0.52137, 0.17505, 0.508, 0.50727, 0.24143, 0.31678, 0.85225, 0.65588, 0.14573, 0.11142, 0.79529, 0.69608, 0.41928, 0.00275, 0.92972]
[0.77459, 0.66864, 0.56771, 0.03313, 0.82956, 0.30037, 0.9283, 0.21813, 0.41176, 0.41851, 0.08638, 0.26495, 0.0878, 0.15477, 0.13468, 0.32465, 0.91292, 0.90866, 0.21693, 0.76308]
[0.49701, 0.8498, 0.00993, 0.47582, 0.6762, 0.32434, 0.74515, 0.08569, 0.65214, 0.75034, 0.77975, 0.44797, 0.82701, 0.93106, 0.15463, 0.59012, 0.29755, 0.71317, 0.57257, 0.97936]
[0.46904, 0.22157, 0.972, 0.40608, 0.65952, 0.05659, 0.38183, 0.94111, 0.89214, 0.65284, 0.31442, 0.59245, 0.53474, 0.14439, 0.05814, 0.83012, 0.94316, 0.05552, 0.41408, 0.5324]
[0.27022, 0.64396, 0.55565, 0.32411, 0.66771, 0.68936, 0.08361, 0.43309, 0.70891, 0.83549, 0.39783, 0.20077, 0.14085, 0.63458, 0.95951, 0.45959, 0.89834, 0.97696, 0.55552, 0.2558]
Table 21
[0.97423, 0.59988, 0.54663, 0.59399, 0.63431, 0.17989, 0.48555, 0.94801, 0.43963, 0.54138, 0.419, 0.14768, 0.76948, 0.33363, 0.46799, 0.4031, 0.91362, 0.85303, 0.11422, 0.76243, 0.93514]
[0.25904, 0.65454, 0.0268, 0.1499, 0.99099, 0.3324, 0.26829, 0.32278, 0.64776, 0.20291, 0.9399, 0.08122, 0.70706, 0.51066, 0.20672, 0.62445, 0.87021, 0.33799, 0.60298, 0.60364, 0.14155]
[0.63876, 0.59897, 0.64578, 0.35306, 0.70673, 0.84893, 0.32571, 0.9151, 0.91723, 0.37146, 0.17034, 0.29125, 0.80617, 0.80577, 0.37702, 0.47479, 0.66897, 0.14291, 0.06746, 0.80601, 0.95361]
[0.03621, 0.86833, 0.44752, 0.19494, 0.58685, 0.7123, 0.15268, 0.06058, 0.4967, 0.95355, 0.33923, 0.40752, 0.7994, 0.26108, 0.12968, 0.26792, 0.47613, 0.12145, 0.54107, 0.32783, 0.14568]
[0.06241, 0.30117, 0.52301, 0.12843, 0.81263, 0.95608, 0.75258, 0.12815, 0.63221, 0.96324, 0.4804, 0.14934, 0.88652, 0.13963, 0.37261, 0.94353, 0.32854, 0.86719, 0.49858, 0.25802, 0.62135]
[0.46422, 0.15002, 0.5868, 0.42533, 0.2211, 0.0999, 0.6566, 0.44997, 0.05685, 0.23315, 0.87527, 0.26368, 0.09047, 0.34634, 0.69869, 0.15506, 0.40041, 0.28843, 0.43857, 0.85339, 0.6025]
[0.58992, 0.14338, 0.37286, 0.07222, 0.41545, 0.3306, 0.278, 0.43405, 0.37661, 0.93463, 0.9148, 0.76827, 0.83002, 0.50412, 0.16053, 0.47911, 0.34678, 0.83454, 0.19035, 0.17417, 0.31336]
[0.86418, 0.3095, 0.70725, 0.62653, 0.34525, 0.73337, 0.70534, 0.86732, 0.16669, 0.8724, 0.80557, 0.30685, 0.62678, 0.07807, 0.47702, 0.84226, 0.84773, 0.6172, 0.10197, 0.42665, 0.67741]
[0.1055, 0.97572, 0.73991, 0.11679, 0.3449, 0.77559, 0.00928, 0.23421, 0.88234, 0.61093, 0.68677, 0.04275, 0.06293, 0.69325, 0.19197, 0.76645, 0.56795, 0.63501, 0.61953, 0.96977, 0.21743]
[0.19537, 0.48706, 0.53865, 0.79449, 0.93026, 0.75196, 0.13693, 0.53106, 0.86567, 0.10866, 0.16417, 0.61499, 0.11257, 0.57848, 0.16922, 0.75544, 0.76824, 0.03837, 0.96296, 0.06235, 0.47614]
[0.5563, 0.33658, 0.9066, 0.2875, 0.49848, 0.72385, 0.78115, 0.91035, 0.74205, 0.65766, 0.95552, 0.35963, 0.80889, 0.25182, 0.02329, 0.06918, 0.61734, 0.04272, 0.77152, 0.82864, 0.15998]
[0.57839, 0.20296, 0.24653, 0.31701, 0.82403, 0.16817, 0.01071, 0.04901, 0.10478, 0.59666, 0.7632, 0.07156, 0.27229, 0.93539, 0.0897, 0.06723, 0.28456, 0.22556, 0.92775, 0.05492, 0.01978]
[0.01714, 0.40157, 0.95706, 0.54921, 0.76624, 0.85033, 0.81626, 0.25268, 0.73723, 0.6207, 0.53244, 0.2198, 0.71339, 0.18312, 0.60729, 0.04384, 0.98792, 0.90651, 0.6718, 0.85256, 0.86238]
[0.40974, 0.92271, 0.04608, 0.14207, 0.77085, 0.11288, 0.70309, 0.68947, 0.94626, 0.59042, 0.24149, 0.06875, 0.37659, 0.61584, 0.50936, 0.59575, 0.7359, 0.6935, 0.1039, 0.88544, 0.69206]
[0.41933, 0.98299, 0.717, 0.9199, 0.94712, 0.31551, 0.3186, 0.85021, 0.029, 0.75452, 0.29849, 0.22484, 0.55783, 0.07857, 0.97331, 0.98213, 0.58658, 0.12693, 0.3522, 0.73124, 0.50997]
[0.28308, 0.1355, 0.91669, 0.05927, 0.09568, 0.19798, 0.02879, 0.68883, 0.47903, 0.01179, 0.26979, 0.77144, 0.42717, 0.77285, 0.0395, 0.48506, 0.92442, 0.86958, 0.84771, 0.06324, 0.30582]
[0.48903, 0.20243, 0.2214, 0.65779, 0.54448, 0.73719, 0.403, 0.59101, 0.78671, 0.9657, 0.63358, 0.67345, 0.5367, 0.55294, 0.48337, 0.2421, 0.22353, 0.48269, 0.15481, 0.50308, 0.10158]
[0.0679, 0.76064, 0.42899, 0.15679, 0.87129, 0.85351, 0.01584, 0.45223, 0.49575, 0.16796, 0.93499, 0.8725, 0.88554, 0.28201, 0.29333, 0.53042, 0.32655, 0.32576, 0.79855, 0.96884, 0.01425]
[0.69325, 0.48807, 0.33204, 0.16316, 0.03626, 0.41671, 0.04639, 0.37685, 0.59724, 0.50871, 0.23504, 0.11673, 0.89303, 0.32857, 0.4329, 0.11852, 0.10994, 0.29038, 0.649, 0.98315, 0.64361]
[0.60127, 0.75097, 0.78272, 0.98347, 0.767, 0.71832, 0.15487, 0.59366, 0.03706, 0.05951, 0.32138, 0.19237, 0.48006, 0.55241, 0.39443, 0.38257, 0.12012, 0.06012, 0.40593, 0.28214, 0.61407]
[0.86298, 0.57423, 0.30441, 0.49699, 0.94066, 0.53791, 0.73673, 0.60425, 0.62234, 0.30319, 0.90241, 0.71228, 0.71026, 0.59398, 0.76988, 0.96767, 0.06483, 0.85294, 0.73061, 0.62088, 0.65175]
Table 22
[0.8518, 0.82303, 0.9195, 0.35565, 0.00836, 0.89535, 0.38464, 0.55118, 0.25031, 0.93839, 0.33953, 0.39066, 0.8828, 0.94814, 0.30637, 0.91028, 0.78949, 0.76013, 0.56582, 0.8013, 0.69826, 0.27174]
[0.65756, 0.34359, 0.55186, 0.92618, 0.30121, 0.00666, 0.34743, 0.92581, 0.06481, 0.55129, 0.17837, 0.3191, 0.97022, 0.30958, 0.16031, 0.45624, 0.01312, 0.79533, 0.82871, 0.60382, 0.18116, 0.7177]
[0.95048, 0.90822, 0.99829, 0.59157, 0.96375, 0.78265, 0.48913, 0.55878, 0.00457, 0.49686, 0.46417, 0.35667, 0.32277, 0.12327, 0.93407, 0.03436, 0.83629, 0.78192, 0.12018, 0.61881, 0.74711, 0.41757]
[0.90104, 0.73075, 0.39863, 0.09318, 0.51306, 0.9268, 0.11803, 0.4758, 0.62938, 0.25247, 0.16748, 0.61014, 0.64641, 0.06864, 0.84667, 0.37601, 0.38419, 0.91211, 0.38563, 0.47617, 0.89712, 0.81223]
[0.39543, 0.16346, 0.85459, 0.40764, 0.7528, 0.32353, 0.97692, 0.01482, 0.20919, 0.21629, 0.80266, 0.28188, 0.40003, 0.61289, 0.63944, 0.85975, 0.58886, 0.572, 0.08706, 0.40215, 0.00644, 0.87105]
[0.45988, 0.7993, 0.85319, 0.24604, 0.55639, 0.24376, 0.62003, 0.31589, 0.39722, 0.8441, 0.59667, 0.11183, 0.03775, 0.81727, 0.84224, 0.90334, 0.89371, 0.53077, 0.10502, 0.13105, 0.40953, 0.61382]
[0.67879, 0.77653, 0.26797, 0.1461, 0.83239, 0.16773, 0.84649, 0.57812, 0.09987, 0.76895, 0.47654, 0.80341, 0.39465, 0.76109, 0.72601, 0.61642, 0.59679, 0.54592, 0.4308, 0.88988, 0.40853, 0.50559]
[0.79052, 0.68485, 0.98632, 0.09796, 0.13718, 0.1288, 0.91084, 0.25759, 0.48201, 0.60121, 0.79125, 0.88195, 0.73646, 0.2962, 0.54999, 0.43293, 0.30029, 0.0711, 0.81367, 0.30809, 0.96311, 0.60774]
[0.63097, 0.03353, 0.21769, 0.83048, 0.8698, 0.0269, 0.99269, 0.50279, 0.44349, 0.18667, 0.5827, 0.73614, 0.26626, 0.10827, 0.699, 0.26676, 0.14133, 0.17114, 0.04586, 0.49104, 0.38784, 0.8085]
[0.809, 0.86382, 0.84482, 0.91122, 0.69929, 0.23127, 0.39492, 0.06598, 0.47846, 0.92545, 0.06062, 0.5832, 0.33312, 0.56783, 0.7705, 0.31728, 0.07298, 0.74474, 0.87245, 0.08895, 0.07352, 0.59542]
[0.57301, 0.78974, 0.88502, 0.45254, 0.74146, 0.59229, 0.29281, 0.49188, 0.78793, 0.4938, 0.72857, 0.57663, 0.90286, 0.70444, 0.87938, 0.95492, 0.14397, 0.56357, 0.10548, 0.44056, 0.56798, 0.12515]
[0.57363, 0.39865, 0.96305, 0.67495, 0.8774, 0.40331, 0.96503, 0.26872, 0.65058, 0.84762, 0.9969, 0.5902, 0.90111, 0.84797, 0.10191, 0.42879, 0.33035, 0.24257, 0.84532, 0.51367, 0.79461, 0.01592]
[0.64661, 0.34039, 0.68636, 0.65062, 0.95673, 0.61067, 0.56917, 0.09413, 0.18035, 0.71103, 0.96007, 0.50701, 0.50617, 0.84116, 0.26714, 0.23989, 0.62718, 0.74399, 0.3054, 0.31499, 0.44832, 0.6723]
[0.75823, 0.3567, 0.75249, 0.03184, 0.55699, 0.99409, 0.92483, 0.60067, 0.97484, 0.69142, 0.61957, 0.96782, 0.95451, 0.11416, 0.34741, 0.884, 0.28192, 0.31675, 0.37238, 0.72457, 0.14109, 0.10437]
[0.13878, 0.89033, 0.34565, 0.3152, 0.09203, 0.16055, 0.81292, 0.97695, 0.62867, 0.8495, 0.07601, 0.12967, 0.73699, 0.79036, 0.92109, 0.36987, 0.18661, 0.0526, 0.42184, 0.27766, 0.64245, 0.44823]
[0.6845, 0.32823, 0.09023, 0.72636, 0.3165, 0.08818, 0.39504, 0.85051, 0.80989, 0.38654, 0.89717, 0.97602, 0.14876, 0.858, 0.46575, 0.59533, 0.50362, 0.79874, 0.34153, 0.34292, 0.68424, 0.74118]
[0.93027, 0.89719, 0.92269, 0.60228, 0.70368, 0.43274, 0.05992, 0.89248, 0.35649, 0.07984, 0.96453, 0.62813, 0.36348, 0.09857, 0.5199, 0.73781, 0.41024, 0.31627, 0.88338, 0.91268, 0.2536, 0.54187]
[0.75666, 0.31609, 0.60083, 0.16825, 0.25755, 0.95328, 0.71729, 0.38716, 0.28845, 0.95221, 0.50304, 0.37147, 0.30374, 0.81919, 0.53426, 0.38933, 0.10304, 0.50114, 0.43905, 0.28869, 0.62976, 0.36448]
[0.73491, 0.84219, 0.54449, 0.65268, 0.84675, 0.29884, 0.60841, 0.07048, 0.45182, 0.69625, 0.06061, 0.24377, 0.84843, 0.55435, 0.53073, 0.72888, 0.14459, 0.36754, 0.43285, 0.85303, 0.83809, 0.1508]
[0.18165, 0.69403, 0.51698, 0.71958, 0.06098, 0.62485, 0.65909, 0.10968, 0.99021, 0.84012, 0.19077, 0.01635, 0.80928, 0.15768, 0.38104, 0.06559, 0.12971, 0.24063, 0.79363, 0.67911, 0.88989, 0.93318]
[0.12529, 0.58844, 0.51323, 0.92134, 0.94742, 0.36012, 0.64901, 0.37207, 0.6052, 0.70347, 0.81994, 0.13021, 0.54028, 0.95661, 0.5843, 0.42629, 0.25111, 0.22284, 0.08266, 0.65254, 0.15886, 0.9985]
[0.38841, 0.30611, 0.89948, 0.90097, 0.09344, 0.75518, 0.64768, 0.29066, 0.39221, 0.427, 0.03989, 0.43611, 0.68684, 0.20789, 0.05048, 0.90629, 0.51593, 0.57508, 0.65664, 0.67819, 0.43966, 0.42474]
Table 23
[0.92444, 0.51205, 0.21553, 0.11766, 0.47501, 0.78294, 0.41013, 0.33251, 0.47603, 0.27334, 0.20906, 0.65036, 0.39811, 0.56055, 0.97432, 0.22146, 0.76975, 0.43492, 0.49375, 0.05088, 0.38149, 0.25863, 0.80881]
[0.79584, 0.41528, 0.30546, 0.07586, 0.63447, 0.42892, 0.26615, 0.03989, 0.09468, 0.03286, 0.95282, 0.18942, 0.01613, 0.24829, 0.30744, 0.54375, 0.92444, 0.80488, 0.75521, 0.07578, 0.49998, 0.5911, 0.55353]
[0.35715, 0.65714, 0.54697, 0.05202, 0.74093, 0.33621, 0.91798, 0.18963, 0.21335, 0.59562, 0.03364, 0.7608, 0.02083, 0.04307, 0.32195, 0.67636, 0.25205, 0.09417, 0.90225, 0.04096, 0.35164, 0.3917, 0.04968]
[0.61025, 0.5893, 0.50683, 0.85609, 0.27025, 0.16947, 0.70699, 0.06125, 0.08484, 0.23599, 0.59259, 0.09521, 0.33423, 0.39822, 0.74366, 0.07196, 0.81869, 0.04392, 0.57598, 0.76671, 0.77885, 0.95981, 0.88643]
[0.26633, 0.43559, 0.6297, 0.18154, 0.7853, 0.42819, 0.01544, 0.54529, 0.48132, 0.97451, 0.00212, 0.37009, 0.79658, 0.49804, 0.95999, 0.41313, 0.44228, 0.22002, 0.2383, 0.94504, 0.59295, 0.12799, 0.75047]
[0.45844, 0.11013, 0.58443, 0.72888, 0.27522, 0.532, 0.27283, 0.9782, 0.63292, 0.49167, 0.34297, 0.85975, 0.90673, 0.77817, 0.77696, 0.72166, 0.22192, 0.74639, 0.92965, 0.84845, 0.65815, 0.36564, 0.21224]
[0.28296, 0.02957, 0.28025, 0.96251, 0.91951, 0.89447, 0.09755, 0.23369, 0.51092, 0.81858, 0.07292, 0.84591, 0.73707, 0.98741, 0.88184, 0.2035, 0.00675, 0.69829, 0.4696, 0.28128, 0.09766, 0.14234, 0.23604]
[0.26874, 0.44439, 0.20205, 0.09918, 0.98032, 0.28851, 0.76636, 0.3294, 0.02949, 0.16961, 0.44533, 0.92315, 0.05504, 0.95383, 0.66181, 0.45353, 0.13573, 0.94204, 0.0003, 0.49149, 0.38142, 0.80446, 0.91981]
[0.15466, 0.31056, 0.78944, 0.11774, 0.58712, 0.12231, 0.88255, 0.31119, 0.25832, 0.01655, 0.75955, 0.26114, 0.58894, 0.6485, 0.30632, 0.10148, 0.27863, 0.73376, 0.63346, 0.46588, 0.4138, 0.36742, 0.18929]
[0.47075, 0.09708, 0.67754, 0.25599, 0.03302, 0.4751, 0.00773, 0.90975, 0.61008, 0.97326, 0.1716, 0.60316, 0.0717, 0.76572, 0.81649, 0.89714, 0.5638, 0.35363, 0.31291, 0.84905, 0.43449, 0.88637, 0.25244]
[0.54369, 0.06099, 0.95197, 0.96858, 0.93227, 0.66663, 0.81559, 0.96409, 0.58866, 0.45105, 0.27906, 0.46207, 0.25024, 0.48278, 0.04477, 0.09484, 0.87337, 0.46151, 0.29362, 0.65445, 0.40336, 0.09043, 0.67402]
[0.59748, 0.19763, 0.70044, 0.9541, 0.65612, 0.11177, 0.77146, 0.03796, 0.72568, 0.80224, 0.67235, 0.06679, 0.33087, 0.16611, 0.68019, 0.00152, 0.08828, 0.82379, 0.28162, 0.06997, 0.89885, 0.50928, 0.38896]
[0.81489, 0.32107, 0.58866, 0.1159, 0.28607, 0.23463, 0.11228, 0.98455, 0.60205, 0.54582, 0.04156, 0.76386, 0.79656, 0.52033, 0.13077, 0.22254, 0.38143, 0.06981, 0.22475, 0.74609, 0.21116, 0.95024, 0.91204]
[0.99412, 0.88491, 0.80412, 0.15124, 0.16412, 0.99057, 0.32133, 0.33818, 0.92213, 0.88548, 0.56639, 0.33679, 0.43403, 0.29253, 0.29898, 0.70552, 0.83634, 0.50304, 0.91382, 0.37196, 0.48916, 0.27176, 0.5419]
[0.64477, 0.89768, 0.79899, 0.8048, 0.36579, 0.69405, 0.65286, 0.51997, 0.75891, 0.88089, 0.68834, 0.90285, 0.35738, 0.22252, 0.44212, 0.16575, 0.76378, 0.78697, 0.89678, 0.41403, 0.39184, 0.74823, 0.63271]
[0.87783, 0.43203, 0.08318, 0.87024, 0.53818, 0.971, 0.04623, 0.19734, 0.87815, 0.62724, 0.16085, 0.72358, 0.05074, 0.93562, 0.90813, 0.58223, 0.4757, 0.69023, 0.78291, 0.5149, 0.28459, 0.62427, 0.82165]
[0.62359, 0.08205, 0.12979, 0.2571, 0.92191, 0.80278, 0.27427, 0.9712, 0.30912, 0.9174, 0.1171, 0.12944, 0.25593, 0.24193, 0.98022, 0.57456, 0.51564, 0.01029, 0.2406, 0.65758, 0.79713, 0.74434, 0.87259]
[0.18545, 0.29345, 0.70925, 0.03165, 0.67884, 0.62124, 0.1909, 0.79759, 0.08894, 0.72831, 0.08653, 0.5901, 0.96357, 0.7693, 0.80785, 0.58408, 0.19274, 0.20606, 0.75199, 0.68489, 0.52308, 0.17569, 0.31819]
[0.7065, 0.82135, 0.76948, 0.33267, 0.67848, 0.6533, 0.13889, 0.61921, 0.07757, 0.27481, 0.99679, 0.94775, 0.50214, 0.67147, 0.01876, 0.54231, 0.96513, 0.96846, 0.5563, 0.95759, 0.42131, 0.67331, 0.29268]
[0.3334, 0.15718, 0.3429, 0.77397, 0.73753, 0.84428, 0.31812, 0.98908, 0.599, 0.98509, 0.5179, 0.14102, 0.09556, 0.30133, 0.60956, 0.97295, 0.91941, 0.42505, 0.42053, 0.16984, 0.07306, 0.17927, 0.01918]
[0.23297, 0.81311, 0.42975, 0.71897, 0.26863, 0.69643, 0.55813, 0.90709, 0.51596, 0.58344, 0.55756, 0.22892, 0.78513, 0.4921, 0.16591, 0.44636, 0.8234, 0.70363, 0.7888, 0.29882, 0.33817, 0.78758, 0.39593]
[0.9312, 0.84174, 0.15533, 0.51637, 0.59401, 0.19905, 0.8727, 0.91623, 0.30156, 0.99655, 0.15492, 0.42392, 0.22921, 0.71729, 0.89161, 0.55323, 0.36703, 0.31869, 0.42867, 0.31137, 0.62535, 0.10609, 0.38714]
[0.84713, 0.3609, 0.86698, 0.96279, 0.25395, 0.4639, 0.25928, 0.51106, 0.23826, 0.65872, 0.57877, 0.48247, 0.85403, 0.76154, 0.20865, 0.50467, 0.37387, 0.5005, 0.86503, 0.77071, 0.89465, 0.67915, 0.88758]
Table 24
[0.77662, 0.97761, 0.51211, 0.01769, 0.34758, 0.65014, 0.76794, 0.0146, 0.43656, 0.23106, 0.15325, 0.29316, 0.55037, 0.20642, 0.20744, 0.2243, 0.16636, 0.70928, 0.27585, 0.18899, 0.89569, 0.97231, 0.53698, 0.74758]
[0.80608, 0.92855, 0.71687, 0.09647, 0.99811, 0.0867, 0.36106, 0.99281, 0.73485, 0.16682, 0.7079, 0.62593, 0.38613, 0.29776, 0.63781, 0.20031, 0.2794, 0.12895, 0.06788, 0.85157, 0.6459, 0.6797, 0.90084, 0.12557]
[0.6095, 0.95993, 0.1799, 0.54908, 0.58537, 0.62618, 0.29211, 0.71152, 0.28031, 0.56137, 0.36762, 0.75847, 0.27081, 0.55656, 0.06112, 0.78193, 0.55846, 0.98432, 0.24219, 0.04557, 0.63423, 0.63592, 0.15244, 0.46215]
[0.69505, 0.31972, 0.79575, 0.42436, 0.71113, 0.59053, 0.91804, 0.21575, 0.52018, 0.595, 0.9978, 0.05193, 0.8871, 0.46567, 0.53099, 0.63397, 0.66749, 0.74596, 0.8403, 0.24636, 0.89888, 0.20964, 0.73137, 0.76606]
[0.39366, 0.13202, 0.22328, 0.52172, 0.17418, 0.15403, 0.52933, 0.52537, 0.93382, 0.37207, 0.57016, 0.23193, 0.67448, 0.28241, 0.57391, 0.70177, 0.98868, 0.02546, 0.99934, 0.24542, 0.20628, 0.07955, 0.8787, 0.39929]
[0.51119, 0.50835, 0.04289, 0.11876, 0.62391, 0.11588, 0.51517, 0.49386, 0.63435, 0.38437, 0.27503, 0.46491, 0.64458, 0.41521, 0.50376, 0.29699, 0.0022, 0.11101, 0.97994, 0.82452, 0.69714, 0.79822, 0.88338, 0.36709]
[0.154, 0.14102, 0.93598, 0.62623, 0.93585, 0.39831, 0.97456, 0.70708, 0.0998, 0.05877, 0.62898, 0.74702, 0.95585, 0.35733, 0.52544, 0.16244, 0.23787, 0.14609, 0.02167, 0.19344, 0.03478, 0.61273, 0.34768, 0.6607]
[0.6458, 0.67552, 0.12612, 0.55989, 0.45009, 0.1881, 0.651, 0.27296, 0.80697, 0.21519, 0.7587, 0.04912, 0.54953, 0.90465, 0.12207, 0.53267, 0.93951, 0.71321, 0.01441, 0.72216, 0.5564, 0.10997, 0.36474, 0.58572]
[0.92398, 0.55096, 0.15977, 0.74235, 0.22315, 0.49266, 0.3291, 0.86282, 0.31975, 0.77989, 0.99591, 0.91237, 0.48798, 0.77544, 0.15348, 0.54717, 0.10336, 0.17001, 0.1845, 0.85513, 0.84834, 0.31338, 0.82628, 0.57077]
[0.10675, 0.60133, 0.78176, 0.37918, 0.59649, 0.61638, 0.99927, 0.01081, 0.88177, 0.31069, 0.15304, 0.77262, 0.87217, 0.70718, 0.55251, 0.71529, 0.89081, 0.41024, 0.7044, 0.55705, 0.11168, 0.29489, 0.65608, 0.85821]
[0.2187, 0.13847, 0.19037, 0.86995, 0.14963, 0.37248, 0.73749, 0.05488, 0.99574, 0.31435, 0.58602, 0.30601, 0.0915, 0.95732, 0.73751, 0.90118, 0.48612, 0.46841, 0.06444, 0.5931, 0.22698, 0.96509, 0.02912, 0.84681]
[0.3945, 0.6042, 0.33981, 0.83071, 0.71072, 0.65683, 0.99207, 0.16698, 0.27123, 0.99424, 0.67111, 0.87291, 0.36926, 0.78638, 0.27765, 0.3023, 0.81049, 0.05177, 0.79762, 0.11257, 0.63366, 0.27788, 0.63201, 0.70248]
[0.55261, 0.74569, 0.03131, 0.68312, 0.02117, 0.67485, 0.12971, 0.74263, 0.82253, 0.14339, 0.27037, 0.03499, 0.91887, 0.80285, 0.03337, 0.66468, 0.39907, 0.72862, 0.123, 0.6136, 0.3183, 0.43811, 0.75886, 0.48765]
[0.98301, 0.14658, 0.9847, 0.73209, 0.52515, 0.98706, 0.84616, 0.1283, 0.62618, 0.91467, 0.65003, 0.05015, 0.43729, 0.93368, 0.5977, 0.46935, 0.0145, 0.05038, 0.95298, 0.19048, 0.18303, 0.63388, 0.6906, 0.23876]
[0.50089, 0.01459, 0.37751, 0.26725, 0.0681, 0.29028, 0.55656, 0.20409, 0.75449, 0.47219, 0.68153, 0.90313, 0.95994, 0.05179, 0.73631, 0.16516, 0.65029, 0.41015, 0.29496, 0.60755, 0.53947, 0.53054, 0.59455, 0.72211]
[0.28162, 0.5994, 0.28671, 0.52365, 0.92831, 0.34339, 0.207, 0.31093, 0.01123, 0.46762, 0.83358, 0.70606, 0.85656, 0.48812, 0.33633, 0.18237, 0.20063, 0.27529, 0.95236, 0.76837, 0.4909, 0.03415, 0.50259, 0.91996]
[0.3827, 0.86548, 0.41808, 0.8454, 0.56968, 0.84489, 0.93988, 0.72215, 0.40891, 0.84239, 0.14018, 0.39775, 0.52695, 0.53734, 0.88657, 0.15118, 0.06601, 0.92871, 0.46862, 0.06142, 0.04504, 0.06563, 0.50796, 0.77958]
[0.81095, 0.79252, 0.1891, 0.05476, 0.99762, 0.77643, 0.47549, 0.27406, 0.13293, 0.74322, 0.59028, 0.02131, 0.63715, 0.81411, 0.83162, 0.41801, 0.41927, 0.82931, 0.64182, 0.00685, 0.40751, 0.29702, 0.37371, 0.4514]
[0.8253, 0.31033, 0.88474, 0.29105, 0.26679, 0.7262, 0.08461, 0.04473, 0.77163, 0.41206, 0.20875, 0.4168, 0.53967, 0.27623, 0.10929, 0.83675, 0.83751, 0.30825, 0.91657, 0.50858, 0.5646, 0.204, 0.31986, 0.8647]
[0.05586, 0.45139, 0.27872, 0.40051, 0.53329, 0.13455, 0.34052, 0.05934, 0.65223, 0.62461, 0.23246, 0.8271, 0.74281, 0.66144, 0.14801, 0.85611, 0.33301, 0.9755, 0.3784, 0.3946, 0.08266, 0.97747, 0.36958, 0.8819]
[0.49202, 0.01808, 0.35748, 0.70489, 0.38003, 0.72544, 0.4578, 0.88704, 0.2946, 0.77591, 0.31207, 0.32087, 0.78588, 0.96942, 0.11588, 0.94949, 0.12409, 0.46237, 0.52606, 0.42512, 0.43031, 0.62442, 0.63561, 0.54509]
[0.03539, 0.81425, 0.51715, 0.30756, 0.56366, 0.80707, 0.70861, 0.68842, 0.93559, 0.85017, 0.64358, 0.5059, 0.16674, 0.31332, 0.97749, 0.3832, 0.17492, 0.32376, 0.55517, 0.1366, 0.70474, 0.48289, 0.89224, 0.05098]
[0.44488, 0.43487, 0.95984, 0.95625, 0.61362, 0.73968, 0.64718, 0.26427, 0.65203, 0.84703, 0.23792, 0.86976, 0.46871, 0.79126, 0.69941, 0.12229, 0.265, 0.90851, 0.36403, 0.57696, 0.53805, 0.38708, 0.08094, 0.96059]
[0.93646, 0.54701, 0.97934, 0.06522, 0.11083, 0.721, 0.782, 0.84359, 0.94696, 0.87403, 0.87488, 0.27475, 0.6483, 0.00816, 0.40041, 0.27768, 0.21341, 0.48002, 0.83, 0.33381, 0.90025, 0.14999, 0.3997, 0.3462]
Table 25
[0.39181, 0.71988, 0.24291, 0.59083, 0.34956, 0.95876, 0.86863, 0.58901, 0.53163, 0.66043, 0.49292, 0.25074, 0.79151, 0.99755, 0.63993, 0.94255, 0.20325, 0.81879, 0.82684, 0.83329, 0.71581, 0.57567, 0.44403, 0.21148, 0.69797]
[0.34572, 0.3003, 0.87703, 0.6415, 0.62915, 0.47368, 0.71871, 0.60018, 0.0567, 0.77231, 0.25697, 0.66326, 0.59884, 0.16343, 0.35208, 0.13618, 0.95895, 0.30365, 0.80578, 0.88574, 0.55976, 0.64898, 0.32097, 0.91828, 0.14353]
[0.98119, 0.60833, 0.02855, 0.63518, 0.58643, 0.6214, 0.7409, 0.87528, 0.41273, 0.3184, 0.87566, 0.86882, 0.09844, 0.84646, 0.16119, 0.17821, 0.12459, 0.79497, 0.79976, 0.5432, 0.41059, 0.05331, 0.88602, 0.40085, 0.0471]
[0.09838, 0.32439, 0.31941, 0.31867, 0.17145, 0.23271, 0.02268, 0.75663, 0.82642, 0.71114, 0.35638, 0.61267, 0.33024, 0.83508, 0.58754, 0.49984, 0.42334, 0.53441, 0.18066, 0.41328, 0.29103, 0.10884, 0.88125, 0.14292, 0.89907]
[0.36458, 0.41218, 0.57436, 0.10638, 0.83338, 0.16444, 0.3733, 0.97959, 0.43193, 0.82358, 0.67323, 0.29256, 0.25022, 0.44181, 0.6983, 0.87488, 0.86746, 0.35488, 0.34653, 0.90994, 0.77693, 0.92169, 0.20128, 0.78726, 0.48815]
[0.15043, 0.98164, 0.84281, 0.41492, 0.02418, 0.50801, 0.86924, 0.24382, 0.83731, 0.70921, 0.91507, 0.36497, 0.64779, 0.24111, 0.21262, 0.86922, 0.90817, 0.57145, 0.49298, 0.131, 0.38679, 0.86052, 0.85428, 0.70321, 0.77994]
[0.1684, 0.38497, 0.95428, 0.59688, 0.42166, 0.33862, 0.73978, 0.73581, 0.52039, 0.10715, 0.56314, 0.31624, 0.13873, 0.07769, 0.09885, 0.44129, 0.60505, 0.58095, 0.05088, 0.03906, 0.65228, 0.37879, 0.08655, 0.37845, 0.54197]
[0.06339, 0.94269, 0.97739, 0.14659, 0.96191, 0.35557, 0.81964, 0.68297, 0.83265, 0.01124, 0.38653, 0.9773, 0.03142, 0.20864, 0.97156, 0.01889, 0.08321, 0.62824, 0.56773, 0.86372, 0.81138, 0.68974, 0.87535, 0.25789, 0.64325]
[0.27618, 0.82776, 0.65418, 0.65509, 0.46035, 0.41111, 0.30759, 0.82307, 0.48656, 0.14317, 0.27701, 0.99839, 0.37644, 0.71702, 0.29247, 0.25796, 0.35832, 0.45603, 0.23164, 0.65875, 0.92319, 0.88831, 0.22953, 0.59325, 0.49128]
[0.7587, 0.93578, 0.13444, 0.59406, 0.3154, 0.03953, 0.83231, 0.79004, 0.79911, 0.8828, 0.3151, 0.26147, 0.70251, 0.77429, 0.56593, 0.28251, 0.98723, 0.30676, 0.44076, 0.09002, 0.29037, 0.88356, 0.48162, 0.1318, 0.59068]
[0.49224, 0.18622, 0.95163, 0.20382, 0.68242, 0.00269, 0.64174, 0.34339, 0.02566, 0.95535, 0.40324, 0.37928, 0.45168, 0.30766, 0.47178, 0.08789, 0.7864, 0.78662, 0.3581, 0.97726, 0.40417, 0.22152, 0.39597, 0.69565, 0.83753]
[0.5669, 0.13821, 0.25185, 0.72718, 0.22827, 0.38723, 0.34984, 0.63445, 0.80874, 0.00524, 0.31956, 0.49979, 0.55035, 0.08556, 0.73497, 0.14859, 0.95316, 0.31461, 0.19982, 0.76546, 0.90462, 0.8697, 0.98238, 0.12179, 0.68174]
[0.26196, 0.92673, 0.37195, 0.96627, 0.58584, 0.91753, 0.35552, 0.07699, 0.5159, 0.33778, 0.20193, 0.59302, 0.95565, 0.19653, 0.72792, 0.69174, 0.13016, 0.1247, 0.25637, 0.5272, 0.43425, 0.59814, 0.09155, 0.62669, 0.64687]
[0.34322, 0.38676, 0.06695, 0.63426, 0.12842, 0.72148, 0.60689, 0.03742, 0.8232, 0.054, 0.77257, 0.1795, 0.15434, 0.24487, 0.03462, 0.21344, 0.88326, 0.84677, 0.12334, 0.54698, 0.81908, 0.43956, 0.19187, 0.29916, 0.94537]
[0.62238, 0.18524, 0.64201, 0.55132, 0.09048, 0.10874, 0.70432, 0.34666, 0.08168, 0.97161, 0.02305, 0.13126, 0.77548, 0.08292, 0.44504, 0.86217, 0.47279, 0.72293, 0.02079, 0.44315, 0.71702, 0.76349, 0.68125, 0.53145, 0.26246]
[0.91644, 0.79038, 0.35992, 0.34769, 0.35889, 0.7234, 0.54751, 0.35463, 0.26464, 0.56664, 0.17526, 0.01072, 0.18905, 0.42151, 0.29976, 0.79501, 0.21878, 0.60985, 0.47487, 0.69995, 0.00649, 0.41389, 0.48804, 0.90551, 0.81428]
[0.53193, 0.25944, 0.55142, 0.65359, 0.73421, 0.35719, 0.54633, 0.62459, 0.69132, 0.94196, 0.63887, 0.95349, 0.95296, 0.69655, 0.14292, 0.78202, 0.17584, 0.46993, 0.77129, 0.85259, 0.48767, 0.72201, 0.53239, 0.2884, 0.73652]
[0.90407, 0.96911, 0.21456, 0.30761, 0.7157, 0.15156, 0.52198, 0.59332, 0.96611, 0.47568, 0.41229, 0.72584, 0.0233, 0.26166, 0.44062, 0.04197, 0.13994, 0.90165, 0.59007, 0.70248, 0.04245, 0.80204, 0.77796, 0.25572, 0.69842]
[0.85619, 0.04361, 0.69322, 0.06535, 0.22634, 0.9959, 0.02283, 0.85417, 0.44381, 0.58589, 0.96632, 0.22986, 0.8539, 0.34255, 0.61946, 0.23005, 0.31991, 0.69366, 0.75309, 0.1923, 0.59204, 0.68478, 0.12245, 0.15195, 0.80131]
[0.61649, 0.22324, 0.63672, 0.71916, 0.23447, 0.06702, 0.96268, 0.37778, 0.92815, 0.47578, 0.03193, 0.97719, 0.59384, 0.11814, 0.80243, 0.81272, 0.14888, 0.52169, 0.64759, 0.35411, 0.48294, 0.43176, 0.46118, 0.52315, 0.45649]
[0.97899, 0.82728, 0.28512, 0.44686, 0.72742, 0.05052, 0.36163, 0.73241, 0.46293, 0.35244, 0.87688, 0.43202, 0.07719, 0.62312, 0.59164, 0.09866, 0.93957, 0.9057, 0.65146, 0.92524, 0.41624, 0.66296, 0.07669, 0.10619, 0.96666]
[0.85853, 0.90867, 0.5611, 0.50266, 0.07739, 0.57715, 0.69442, 0.10736, 0.47265, 0.13106, 0.32703, 0.35765, 0.16024, 0.42306, 0.54393, 0.69715, 0.34805, 0.20139, 0.9787, 0.963, 0.99833, 0.07687, 0.84406, 0.2502, 0.35182]
[0.00451, 0.89041, 0.72718, 0.27208, 0.73377, 0.69871, 0.42273, 0.89109, 0.7615, 0.45683, 0.27425, 0.56169, 0.79832, 0.11833, 0.4227, 0.70643, 0.73405, 0.34173, 0.1138, 0.4003, 0.71895, 0.12906, 0.9244, 0.84983, 0.97236]
[0.55588, 0.18029, 0.80616, 0.72637, 0.94132, 0.82381, 0.71184, 0.9552, 0.4584, 0.85049, 0.2907, 0.26713, 0.7812, 0.14384, 0.59064, 0.14435, 0.13184, 0.7965, 0.77241, 0.92658, 0.87329, 0.70761, 0.79976, 0.26809, 0.00753]
[0.09425, 0.45956, 0.23952, 0.61071, 0.90582, 0.18892, 0.75047, 0.12079, 0.06927, 0.19277, 0.87981, 0.38815, 0.14161, 0.96972, 0.53649, 0.65247, 0.17695, 0.30676, 0.70638, 0.95738, 0.07956, 0.54351, 0.54243, 0.00954, 0.89444]
Table 26
[0.81927, 0.33396, 0.28519, 0.4497, 0.95248, 0.5573, 0.61955, 0.32763, 0.0204, 0.43924, 0.10261, 0.78664, 0.3023, 0.61323, 0.05849, 0.01499, 0.92113, 0.43347, 0.19736, 0.50433, 0.18288, 0.04618, 0.60405, 0.36263, 0.34254, 0.53928]
[0.12524, 0.62763, 0.43828, 0.9461, 0.01245, 0.11091, 0.92134, 0.91834, 0.50907, 0.54653, 0.78999, 0.0234, 0.79547, 0.02942, 0.06076, 0.71013, 0.67894, 0.48052, 0.2924, 0.77445, 0.23237, 0.48492, 0.35646, 0.15149, 0.51447, 0.32857]
[0.21131, 0.68081, 0.01571, 0.27511, 0.14394, 0.37853, 0.19928, 0.2863, 0.28385, 0.49818, 0.61596, 0.99728, 0.98527, 0.36475, 0.05645, 0.37984, 0.8454, 0.77429, 0.1735, 0.59203, 0.37429, 0.97667, 0.38195, 0.17132, 0.42054, 0.32606]
[0.07917, 0.5633, 0.80444, 0.65937, 0.77717, 0.96337, 0.49189, 0.2334, 0.83574, 0.63908, 0.97015, 0.88238, 0.41496, 0.30743, 0.82802, 0.75584, 0.82588, 0.11821, 0.01713, 0.31693, 0.7219, 0.58868, 0.94882, 0.71074, 0.71407, 0.35205]
[0.90993, 0.23889, 0.98096, 0.52428, 0.85257, 0.47144, 0.47357, 0.92943, 0.27751, 0.62492, 0.4867, 0.90472, 0.46857, 0.83226, 0.25738, 0.34858, 0.39834, 0.96789, 0.26822, 0.04005, 0.75959, 0.88961, 0.51075, 0.8949, 0.41, 0.92051]
[0.69272, 0.85625, 0.57695, 0.75378, 0.30202, 0.78184, 0.04901, 0.76775, 0.59306, 0.64713, 0.65567, 0.09915, 0.4187, 0.36818, 0.19008, 0.85709, 0.51303, 0.3404, 0.35564, 0.83582, 0.04849, 0.35485, 0.57949, 0.72275, 0.33175, 0.62681]
[0.90663, 0.41114, 0.06562, 0.61645, 0.33987, 0.41406, 0.59222, 0.88694, 0.81997, 0.68923, 0.18639, 0.30974, 0.66546, 0.74168, 0.77286, 0.53445, 0.8684, 0.03172, 0.72001, 0.92803, 0.20428, 0.53843, 0.22856, 0.08577, 0.2117, 0.03234]
[0.04624, 0.51046, 0.39332, 0.51647, 0.53112, 0.57036, 0.63047, 0.6197, 0.09905, 0.45241, 0.10018, 0.5865, 0.83076, 0.8252, 0.65672, 0.51761, 0.06501, 0.99944, 0.09817, 0.5825, 0.33794, 0.2341, 0.13628, 0.12304, 0.00583, 0.79583]
[0.76101, 0.96794, 0.32237, 0.69693, 0.20846, 0.96031, 0.02107, 0.78072, 0.45652, 0.00915, 0.32535, 0.31269, 0.22342, 0.71821, 0.16403, 0.47435, 0.65918, 0.14281, 0.92885, 0.67777, 0.40273, 0.1192, 0.3432, 0.01393, 0.63394, 0.95031]
[0.34692, 0.30071, 0.28477, 0.12355, 0.49666, 0.32297, 0.35787, 0.82256, 0.7271, 0.14249, 0.71676, 0.62308, 0.42182, 0.56602, 0.03532, 0.86028, 0.72677, 0.69786, 0.2627, 0.02589, 0.3979, 0.71429, 0.95843, 0.73779, 0.47885, 0.45303]
[0.79453, 0.84493, 0.44163, 0.77415, 0.15064, 0.57065, 0.50404, 0.75346, 0.95292, 0.47407, 0.1305, 0.30764, 0.99072, 0.121, 0.89865, 0.5165, 0.22143, 0.01858, 0.08058, 0.23498, 0.79569, 0.17909, 0.88394, 0.86533, 0.87981, 0.53092]
[0.7316, 0.96294, 0.6795, 0.10981, 0.55281, 0.66759, 0.88163, 0.57892, 0.24623, 0.39992, 0.55621, 0.31037, 0.66336, 0.57058, 0.4972, 0.12581, 0.84661, 0.37855, 0.41569, 0.94837, 0.29014, 0.08748, 0.39222, 0.45535, 0.84548, 0.00347]
[0.54805, 0.38285, 0.83502, 0.89414, 0.54716, 0.90383, 0.06486, 0.87412, 0.97373, 0.42094, 0.87802, 0.64326, 0.76741, 0.64884, 0.12941, 0.46872, 0.8061, 0.74501, 0.52194, 0.30857, 0.84621, 0.93235, 0.51775, 0.03353, 0.07947, 0.77785]
[0.78212, 0.03126, 0.96147, 0.95265, 0.29266, 0.89449, 0.54995, 0.29072, 0.21957, 0.92805, 0.42182, 0.37973, 0.20919, 0.76798, 0.02048, 0.0686, 0.57295, 0.60095, 0.15884, 0.10527, 0.22694, 0.41401, 0.77488, 0.96827, 0.38632, 0.04205]
[0.96754, 0.62246, 0.00656, 0.58174, 0.07686, 0.68695, 0.58794, 0.4804, 0.73648, 0.95042, 0.86177, 0.80533, 0.24721, 0.14872, 0.19998, 0.889, 0.55713, 0.19682, 0.52285, 0.63375, 0.05679, 0.668, 0.9735, 0.07667, 0.23313, 0.04052]
[0.03886, 0.08682, 0.75311, 0.56265, 0.05951, 0.92729, 0.41749, 0.99958, 0.71735, 0.16418, 0.09457, 0.37457, 0.12737, 0.76145, 0.98672, 0.08963, 0.6639, 0.20802, 0.97585, 0.30872, 0.78969, 0.11511, 0.60388, 0.49759, 0.8929, 0.45551]
[0.82691, 0.07146, 0.07282, 0.86111, 0.12009, 0.6436, 0.52098, 0.1449, 0.57704, 0.60116, 0.00214, 0.94747, 0.83454, 0.94048, 0.30327, 0.52181, 0.30774, 0.18534, 0.66817, 0.69621, 0.69506, 0.15744, 0.27654, 0.46797, 0.21146, 0.69984]
[0.25107, 0.00372, 0.97237, 0.10782, 0.47452, 0.1878, 0.63709, 0.73083, 0.32961, 0.48441, 0.84273, 0.11709, 0.65824, 0.38607, 0.02854, 0.55187, 0.61704, 0.05091, 0.18503, 0.29352, 0.50941, 0.8308, 0.20596, 0.11269, 0.36411, 0.60225]
[0.43262, 0.29618, 0.25829, 0.77298, 0.83488, 0.7692, 0.02295, 0.29665, 0.09775, 0.1959, 0.15544, 0.24421, 0.80483, 0.7924, 0.49647, 0.79941, 0.3991, 0.46198, 0.6912, 0.3097, 0.33238, 0.832, 0.80054, 0.41341, 0.98834, 0.0297]
[0.41511, 0.81031, 0.39704, 0.30332, 0.33067, 0.25122, 0.06842, 0.90427, 0.88243, 0.04019, 0.70726, 0.71375, 0.64659, 0.19156, 0.91957, 0.05487, 0.93923, 0.48048, 0.64455, 0.84304, 0.03824, 0.86185, 0.72972, 0.32339, 0.44457, 0.16788]
[0.88473, 0.84027, 0.29075, 0.29417, 0.99241, 0.00167, 0.90891, 0.83084, 0.08626, 0.98552, 0.43342, 0.54637, 0.80567, 0.90696, 0.22831, 0.46221, 0.09901, 0.76481, 0.46607, 0.3925, 0.45731, 0.1711, 0.94508, 0.65639, 0.89697, 0.15262]
[0.29366, 0.70534, 0.98693, 0.31586, 0.31393, 0.24715, 0.29341, 0.32843, 0.39708, 0.96038, 0.11276, 0.56706, 0.36425, 0.5307, 0.11541, 0.51811, 0.60901, 0.00458, 0.28826, 0.42721, 0.20066, 0.25176, 0.23115, 0.04376, 0.1413, 0.44122]
[0.25156, 0.04096, 0.03281, 0.89216, 0.50742, 0.02728, 0.9021, 0.10926, 0.04107, 0.28385, 0.36894, 0.32797, 0.68812, 0.63243, 0.60072, 0.58785, 0.94025, 0.00725, 0.59985, 0.20306, 0.0583, 0.6969, 0.54645, 0.21969, 0.80609, 0.92034]
[0.09336, 0.21796, 0.3232, 0.38684, 0.68162, 0.39275, 0.69332, 0.82793, 0.64013, 0.81648, 0.31716, 0.44212, 0.80123, 0.45814, 0.70454, 0.40314, 0.96378, 0.84354, 0.43878, 0.66225, 0.87171, 0.92953, 0.23918, 0.88158, 0.35488, 0.38672]
[0.38754, 0.88353, 0.08422, 0.51588, 0.57752, 0.62981, 0.63137, 0.685, 0.5113, 0.07437, 0.72607, 0.60816, 0.21525, 0.08395, 0.49881, 0.00319, 0.14566, 0.89948, 0.4992, 0.45284, 0.74394, 0.0811, 0.55069, 0.39177, 0.8283, 0.19261]
[0.29143, 0.50932, 0.63878, 0.15666, 0.10934, 0.90038, 0.60854, 0.04167, 0.10749, 0.72234, 0.30955, 0.73353, 0.86637, 0.0511, 0.66591, 0.40374, 0.93843, 0.95362, 0.89136, 0.06631, 0.74751, 0.86584, 0.45986, 0.50797, 0.98007, 0.35637]
Table 27
[0.51151, 0.88982, 0.29709, 0.66968, 0.05669, 0.52515, 0.86442, 0.15954, 0.26567, 0.85436, 0.81228, 0.33866, 0.0228, 0.45765, 0.65568, 0.24769, 0.23419, 0.60327, 0.33036, 0.32758, 0.82607, 0.77894, 0.03958, 0.50412, 0.59953, 0.8432, 0.90531]
[0.2513, 0.37469, 0.18503, 0.8719, 0.00798, 0.6948, 0.02263, 0.99703, 0.82711, 0.70409, 0.67216, 0.99904, 0.51304, 0.17886, 0.6814, 0.09145, 0.89979, 0.87421, 0.44046, 0.48776, 0.34522, 0.02417, 0.84769, 0.11993, 0.46661, 0.64364, 0.63623]
[0.13355, 0.11471, 0.76272, 0.36923, 0.2886, 0.06928, 0.06012, 0.35143, 0.14456, 0.42834, 0.5735, 0.8503, 0.89935, 0.96347, 0.9763, 0.70956, 0.50444, 0.34478, 0.34146, 0.67823, 0.88841, 0.03704, 0.62161, 0.02992, 0.46724, 0.74521, 0.54419]
[0.99114, 0.98375, 0.69851, 0.55394, 0.12289, 0.82717, 0.52392, 0.17317, 0.96111, 0.57313, 0.22343, 0.84207, 0.30188, 0.8232, 0.61567, 0.99662, 0.27974, 0.35462, 0.20593, 0.74493, 0.12838, 0.91104, 0.0238, 0.78902, 0.94743, 0.21028, 0.07627]
[0.74763, 0.92283, 0.88535, 0.32549, 0.88751, 0.90655, 0.07836, 0.37094, 0.75429, 0.23361, 0.97373, 0.75618, 0.16742, 0.82025, 0.53938, 0.18322, 0.83267, 0.98921, 0.19981, 0.27441, 0.66818, 0.53686, 0.98761, 0.35197, 0.75289, 0.68144, 0.51888]
[0.33727, 0.06197, 0.30387, 0.47602, 0.47568, 0.68929, 0.72872, 0.50475, 0.78947, 0.9455, 0.38077, 0.86394, 0.07145, 0.43206, 0.18872, 0.70981, 0.0207, 0.65193, 0.84897, 0.53896, 0.66567, 0.75101, 0.44704, 0.01593, 0.86807, 0.5834, 0.44161]
[0.09854, 0.31501, 0.99912, 0.21986, 0.90361, 0.40711, 0.02355, 0.12998, 0.9908, 0.8673, 0.38811, 0.73838, 0.43114, 0.92426, 0.20316, 0.03885, 0.52182, 0.80645, 0.8819, 0.06709, 0.63932, 0.22893, 0.46437, 0.52816, 0.35297, 0.6318, 0.31872]
[0.51839, 0.25751, 0.92192, 0.96593, 0.96409, 0.82684, 0.58259, 0.1407, 0.91951, 0.70702, 0.24639, 0.1732, 0.58299, 0.761, 0.91128, 0.29936, 0.31395, 0.70573, 0.65633, 0.51198, 0.37963, 0.82459, 0.51217, 0.25134, 0.43476, 0.23915, 0.3532]
[0.40248, 0.98273, 0.71167, 0.20489, 0.05378, 0.42349, 0.98991, 0.71248, 0.49443, 0.45939, 0.9137, 0.4229, 0.12113, 0.71786, 0.41875, 0.0181, 0.98522, 0.60541, 0.4948, 0.92354, 0.54768, 0.50603, 0.08615, 0.09134, 0.03597, 0.32873, 0.01918]
[0.98475, 0.99567, 0.93908, 0.28245, 0.99358, 0.41029, 0.16508, 0.48246, 0.05483, 0.11553, 0.43196, 0.52481, 0.09744, 0.63074, 0.89567, 0.67865, 0.00524, 0.29348, 0.01759, 0.61411, 0.3852, 0.95105, 0.96069, 0.78123, 0.58317, 0.89986, 0.21569]
[0.76565, 0.16019, 0.59982, 0.25904, 0.29874, 0.04194, 0.12292, 0.3386, 0.55197, 0.66627, 0.92655, 0.7872, 0.67654, 0.19496, 0.96973, 0.07936, 0.78773, 0.09498, 0.16131, 0.83848, 0.43341, 0.59787, 0.11104, 0.21397, 0.43041, 0.35253, 0.59637]
[0.89044, 0.25956, 0.10349, 0.26464, 0.4998, 0.11227, 0.11694, 0.42527, 0.46704, 0.76968, 0.8162, 0.0489, 0.70094, 0.36107, 0.51183, 0.94876, 0.44939, 0.2965, 0.7859, 0.42294, 0.33335, 0.41468, 0.38496, 0.58904, 0.82076, 0.25202, 0.61353]
[0.49804, 0.88089, 0.91299, 0.92662, 0.53696, 0.83955, 0.0506, 0.23088, 0.54271, 0.87612, 0.14363, 0.29625, 0.02558, 0.59142, 0.36733, 0.24484, 0.77893, 0.27268, 0.51351, 0.61558, 0.43689, 0.45802, 0.50936, 0.27504, 0.44758, 0.34829, 0.98555]
[0.80979, 0.85624, 0.1488, 0.42181, 0.49019, 0.32754, 0.1136, 0.53215, 0.38024, 0.46661, 0.30118, 0.5269, 0.55076, 0.12546, 0.56496, 0.75277, 0.93789, 0.22457, 0.26309, 0.18882, 0.36115, 0.89057, 0.48544, 0.53957, 0.65011, 0.18833, 0.67649]
[0.64505, 0.19644, 0.35958, 0.78728, 0.48712, 0.35119, 0.72016, 0.90732, 0.42795, 0.89658, 0.08828, 0.60294, 0.45825, 0.15721, 0.24335, 0.16002, 0.99622, 0.09257, 0.90184, 0.8851, 0.7284, 0.05528, 0.31222, 0.78711, 0.40517, 0.49304, 0.92962]
[0.99814, 0.94301, 0.76706, 0.27396, 0.17867, 0.78457, 0.70147, 0.10317, 0.67572, 0.87133, 0.0374, 0.28322, 0.97802, 0.11151, 0.96153, 0.49508, 0.15802, 0.34809, 0.72941, 0.82478, 0.72507, 0.40977, 0.67371, 0.18275, 0.49801, 0.64824, 0.26178]
[0.20665, 0.82598, 0.41283, 0.04499, 0.82432, 0.31174, 0.39378, 0.86864, 0.22728, 0.36838, 0.03288, 0.93571, 0.8897, 0.59804, 0.52375, 0.29546, 0.87954, 0.88744, 0.74947, 0.1991, 0.82343, 0.91874, 0.00651, 0.49831, 0.59557, 0.80471, 0.06834]
[0.7045, 0.2231, 0.11395, 0.14778, 0.02573, 0.70525, 0.15919, 0.34224, 0.09964, 0.35524, 0.08319, 0.56363, 0.49949, 0.26917, 0.6088, 0.50012, 0.71631, 0.42382, 0.31892, 0.85257, 0.59814, 0.58285, 0.60288, 0.25758, 0.46142, 0.58664, 0.46769]
[0.16054, 0.44697, 0.41997, 0.54703, 0.49559, 0.75345, 0.16043, 0.40741, 0.47722, 0.02502, 0.49964, 0.67038, 0.11812, 0.31382, 0.87829, 0.35072, 0.45108, 0.08745, 0.36663, 0.44808, 0.55118, 0.81558, 0.40269, 0.0294, 0.42421, 0.79704, 0.17719]
[0.03901, 0.07541, 0.89705, 0.36415, 0.95493, 0.77075, 0.76301, 0.37752, 0.07175, 0.39986, 0.67795, 0.2969, 0.75446, 0.57236, 0.54692, 0.48229, 0.1397, 0.66781, 0.67744, 0.42141, 0.90241, 0.73064, 0.86703, 0.00185, 0.3438, 0.5815, 0.14904]
[0.3684, 0.70241, 0.07123, 0.05436, 0.10624, 0.70358, 0.23005, 0.51428, 0.04588, 0.40117, 0.29546, 0.89093, 0.30608, 0.19819, 0.64654, 0.48614, 0.71265, 0.59409, 0.67486, 0.96094, 0.98544, 0.39835, 0.45123, 0.45455, 0.04507, 0.76561, 0.28449]
[0.99711, 0.57903, 0.43368, 0.76507, 0.02481, 0.63903, 0.81946, 0.23955, 0.0708, 0.30106, 0.2628, 0.74887, 0.12184, 0.94071, 0.02879, 0.22393, 0.63202, 0.9164, 0.48745, 0.58814, 0.15701, 0.24713, 0.03236, 0.02665, 0.82283, 0.92555, 0.69081]
[0.00169, 0.57862, 0.50412, 0.07943, 0.16394, 0.26963, 0.18651, 0.28568, 0.70357, 0.26171, 0.20874, 0.61718, 0.78235, 0.11302, 0.62285, 0.99646, 0.15065, 0.69805, 0.55104, 0.07773, 0.37633, 0.60186, 0.5255, 0.01952, 0.36793, 0.36653, 0.96203]
[0.84403, 0.53069, 0.21328, 0.32726, 0.27508, 0.24644, 0.31017, 0.49181, 0.04656, 0.55587, 0.97152, 0.56214, 0.8587, 0.02961, 0.57981, 0.50861, 0.81832, 0.54589, 0.62913, 0.05565, 0.91761, 0.47447, 0.77766, 0.41982, 0.85458, 0.30163, 0.26271]
[0.33749, 0.54947, 0.43095, 0.42078, 0.52774, 0.18126, 0.59791, 0.80562, 0.25594, 0.86317, 0.90703, 0.37414, 0.50342, 0.32433, 0.17927, 0.3052, 0.66301, 0.18358, 0.34876, 0.24367, 0.20077, 0.93503, 0.69383, 0.55651, 0.39121, 0.42683, 0.38012]
[0.8042, 0.37875, 0.79692, 0.75092, 0.38495, 0.4582, 0.08171, 0.03407, 0.25542, 0.70207, 0.48283, 0.63924, 0.89323, 0.48704, 0.79538, 0.96002, 0.24572, 0.07786, 0.8369, 0.40628, 0.6819, 0.20995, 0.22275, 0.1875, 0.66394, 0.04481, 0.69477]
[0.50119, 0.40651, 0.66721, 0.34153, 0.06438, 0.20502, 0.9044, 0.60604, 0.42725, 0.20103, 0.00838, 0.74992, 0.08083, 0.28385, 0.97127, 0.03268, 0.23476, 0.75722, 0.77977, 0.86003, 0.16322, 0.8889, 0.20401, 0.03371, 0.68328, 0.81623, 0.17229]
Table 28
[0.01572, 0.16484, 0.06164, 0.94108, 0.49416, 0.2996, 0.39708, 0.12357, 0.91488, 0.26903, 0.15302, 0.92922, 0.02078, 0.96353, 0.6164, 0.61916, 0.10775, 0.04176, 0.71651, 0.00787, 0.36618, 0.50321, 0.98912, 0.71827, 0.80243, 0.29265, 0.75751, 0.47574]
[0.54678, 0.62679, 0.76513, 0.46914, 0.69349, 0.63963, 0.80742, 0.09204, 0.32594, 0.13238, 0.0996, 0.00743, 0.64244, 0.80178, 0.2222, 0.8583, 0.02707, 0.27248, 0.93271, 0.79405, 0.94184, 0.1034, 0.8481, 0.42281, 0.445, 0.08166, 0.09429, 0.79594]
[0.56113, 0.33612, 0.63389, 0.52612, 0.98646, 0.50011, 0.45403, 0.23954, 0.6216, 0.09774, 0.55368, 0.12351, 0.16201, 0.5457, 0.13442, 0.70617, 0.54633, 0.51742, 0.48243, 0.41394, 0.93314, 0.58442, 0.36019, 0.10899, 0.73387, 0.22225, 0.73388, 0.84076]
[0.2222, 0.2271, 0.95323, 0.79049, 0.75859, 0.2435, 0.04013, 0.98024, 0.49174, 0.87452, 0.44174, 0.21082, 0.96739, 0.37318, 0.61551, 0.66067, 0.19552, 0.22881, 0.23248, 0.36348, 0.90211, 0.28384, 0.01626, 0.33044, 0.35151, 0.23501, 0.16961, 0.57172]
[0.54439, 0.61771, 0.06849, 0.54829, 0.75276, 0.85458, 0.46615, 0.48635, 0.81048, 0.35484, 0.11801, 0.65318, 0.42747, 0.19087, 0.09299, 0.52862, 0.56551, 0.53784, 0.41614, 0.8267, 0.30767, 0.87339, 0.98438, 0.40073, 0.77797, 0.26892, 0.19818, 0.6548]
[0.93149, 0.47251, 0.93566, 0.09338, 0.00039, 0.31265, 0.44731, 0.05941, 0.88038, 0.69387, 0.96437, 0.53299, 0.11976, 0.04328, 0.7822, 0.18905, 0.83209, 0.56188, 0.98099, 0.62471, 0.37168, 0.66124, 0.48842, 0.44565, 0.19952, 0.85009, 0.29044, 0.74245]
[0.15131, 0.27268, 0.17025, 0.87256, 0.87861, 0.62398, 0.6412, 0.40606, 0.29976, 0.59914, 0.44375, 0.05502, 0.70266, 0.75742, 0.53034, 0.54585, 0.90689, 0.61521, 0.75965, 0.4453, 0.68378, 0.07945, 0.72934, 0.17523, 0.3101, 0.32584, 0.16329, 0.90867]
[0.69543, 0.64318, 0.81205, 0.96353, 0.67564, 0.29765, 0.53976, 0.27435, 0.90625, 0.39971, 0.02487, 0.3322, 0.19609, 0.27819, 0.69176, 0.70532, 0.07572, 0.27736, 0.00435, 0.33315, 0.0865, 0.72956, 0.33057, 0.55368, 0.19447, 0.37531, 0.99438, 0.47078]
[0.98705, 0.68349, 0.67234, 0.53525, 0.65315, 0.76306, 0.75592, 0.01951, 0.00594, 0.8959, 0.0029, 0.8587, 0.3654, 0.13339, 0.52102, 0.26181, 0.719, 0.32666, 0.34348, 0.86502, 0.86288, 0.1205, 0.85285, 0.81286, 0.74449, 0.08443, 0.2337, 0.41769]
[0.79395, 0.27829, 0.03699, 0.947, 0.65079, 0.1032, 0.09064, 0.05103, 0.53177, 0.56621, 0.91281, 0.22614, 0.01648, 0.77206, 0.48301, 0.18911, 0.38359, 0.80449, 0.95451, 0.89158, 0.37227, 0.79082, 0.31923, 0.36627, 0.11243, 0.78076, 0.04406, 0.04692]
[0.44134, 0.20382, 0.71185, 0.51367, 0.50421, 0.13476, 0.44704, 0.33615, 0.12637, 0.91131, 0.89154, 0.14699, 0.11746, 0.21649, 0.86951, 0.09253, 0.76933, 0.43608, 0.98307, 0.34161, 0.11027, 0.16363, 0.46143, 0.59859, 0.84623, 0.16522, 0.15628, 0.07657]
[0.8236, 0.00251, 0.81433, 0.04378, 0.47171, 0.72514, 0.2797, 0.68243, 0.08649, 0.374, 0.34602, 0.00685, 0.05664, 0.08362, 0.99736, 0.14889, 0.95963, 0.54777, 0.4345, 0.27009, 0.5218, 0.73702, 0.96411, 0.42742, 0.81515, 0.09235, 0.9488, 0.11552]
[0.28879, 0.95517, 0.63347, 0.88783, 0.95799, 0.58363, 0.62642, 0.92764, 0.05463, 0.16738, 0.33, 0.24075, 0.63722, 0.7403, 0.60938, 0.56522, 0.82022, 0.77279, 0.90381, 0.33753, 0.55257, 0.54105, 0.46277, 0.34702, 0.15532, 0.42189, 0.53535, 0.25157]
[0.28921, 0.07585, 0.23139, 0.00802, 0.11081, 0.98565, 0.71363, 0.80384, 0.38623, 0.79229, 0.90293, 0.04829, 0.55653, 0.2292, 0.45913, 0.91046, 0.78427, 0.57616, 0.50768, 0.76974, 0.01703, 0.43981, 0.68341, 0.35722, 0.63989, 0.5559, 0.4222, 0.18346]
[0.18551, 0.18584, 0.5908, 0.33872, 0.37273, 0.61318, 0.60938, 0.32655, 0.1611, 0.62895, 0.83123, 0.05172, 0.97144, 0.05227, 0.67351, 0.4119, 0.99349, 0.47279, 0.45122, 0.57375, 0.53553, 0.7796, 0.26831, 0.30764, 0.03459, 0.6946, 0.85924, 0.60751]
[0.74507, 0.96376, 0.73803, 0.82505, 0.20151, 0.73031, 0.51264, 0.66074, 0.36873, 0.15469, 0.31723, 0.6188, 0.55881, 0.17372, 0.01629, 0.04439, 0.5027, 0.69037, 0.64714, 0.02726, 0.85326, 0.83085, 0.36763, 0.15571, 0.86303, 0.15165, 0.77266, 0.84592]
[0.53592, 0.32881, 0.20578, 0.9526, 0.38125, 0.269, 0.92413, 0.78445, 0.86647, 0.11527, 0.94384, 0.95569, 0.87128, 0.98365, 0.17185, 0.23464, 0.88736, 0.00316, 0.10458, 0.9081, 0.74305, 0.89567, 0.50101, 0.42386, 0.91065, 0.45517, 0.70678, 0.25164]
[0.41794, 0.9724, 0.86618, 0.21115, 0.32644, 0.05346, 0.52094, 0.94821, 0.50724, 0.64527, 0.54991, 0.2145, 0.57155, 0.86683, 0.85216, 0.09015, 0.24579, 0.68725, 0.65793, 0.49233, 0.90326, 0.46772, 0.88538, 0.02722, 0.97991, 0.52967, 0.63997, 0.59853]
[0.85955, 0.59708, 0.38374, 0.88273, 0.94921, 0.15738, 0.1507, 0.36623, 0.00386, 0.15563, 0.09069, 0.25173, 0.45728, 0.71402, 0.59549, 0.31509, 0.47084, 0.93193, 0.10906, 0.36637, 0.05178, 0.13497, 0.4027, 0.23176, 0.94019, 0.54921, 0.3263, 0.5667]
[0.80731, 0.16392, 0.19232, 0.47349, 0.16514, 0.54892, 0.09179, 0.74972, 0.01978, 0.19087, 0.44886, 0.11748, 0.8343, 0.80924, 0.4706, 0.05865, 0.52984, 0.62813, 0.36102, 0.77442, 0.0922, 0.06791, 0.16535, 0.46618, 0.73714, 0.72094, 0.39616, 0.50324]
[0.60825, 0.08376, 0.17013, 0.40349, 0.83479, 0.65041, 0.07701, 0.62558, 0.5701, 0.72419, 0.61392, 0.63722, 0.4426, 0.24498, 0.3748, 0.73171, 0.8396, 0.81959, 0.22585, 0.11605, 0.64173, 0.77613, 0.21928, 0.68677, 0.37993, 0.52641, 0.84229, 0.15191]
[0.96045, 0.10428, 0.46774, 0.96638, 0.72661, 0.87464, 0.00363, 0.59685, 0.77464, 0.942, 0.88442, 0.88628, 0.11065, 0.8677, 0.59179, 0.96047, 0.91732, 0.8852, 0.13776, 0.70133, 0.05469, 0.0598, 0.12209, 0.22042, 0.10431, 0.8694, 0.98281, 0.62989]
[0.32819, 0.62576, 0.76888, 0.72202, 0.38455, 0.91414, 0.87189, 0.83818, 0.87773, 0.63767, 0.47886, 0.41224, 0.95818, 0.73782, 0.41984, 0.28194, 0.0505, 0.87763, 0.05343, 0.22201, 0.96785, 0.67381, 0.76278, 0.65764, 0.42093, 0.15934, 0.57608, 0.35879]
[0.01462, 0.27477, 0.33812, 0.07787, 0.85308, 0.84446, 0.62756, 0.56298, 0.33096, 0.21462, 0.02072, 0.68096, 0.59339, 0.2161, 0.55388, 0.31434, 0.06972, 0.29917, 0.49743, 0.7598, 0.70107, 0.6745, 0.39592, 0.55715, 0.50772, 0.25044, 0.62421, 0.93603]
[0.57759, 0.02415, 0.84248, 0.06779, 0.64797, 0.29196, 0.18513, 0.08675, 0.99075, 0.43075, 0.05614, 0.78571, 0.36, 0.86646, 0.34533, 0.79504, 0.20616, 0.8282, 0.32248, 0.81283, 0.01807, 0.1501, 0.46776, 0.50743, 0.40105, 0.13502, 0.62955, 0.79826]
[0.72119, 0.91692, 0.73034, 0.77432, 0.0624, 0.8556, 0.8123, 0.83595, 0.98468, 0.5031, 0.52086, 0.18378, 0.39854, 0.33521, 0.89771, 0.10934, 0.84389, 0.53003, 0.73473, 0.31843, 0.05912, 0.60025, 0.21949, 0.87946, 0.20615, 0.08863, 0.5869, 0.64968]
[0.16814, 0.52728, 0.25064, 0.98206, 0.5209, 0.69497, 0.17744, 0.91666, 0.2823, 0.77371, 0.20018, 0.1328, 0.17043, 0.43956, 0.92263, 0.83686, 0.18247, 0.40952, 0.8619, 0.37199, 0.32026, 0.35752, 0.66913, 0.81012, 0.58071, 0.37037, 0.76144, 0.29663]
[0.48428, 0.61534, 0.88824, 0.67836, 0.97437, 0.73481, 0.88515, 0.75794, 0.89906, 0.45513, 0.02136, 0.67976, 0.89353, 0.42684, 0.40144, 0.91587, 0.79623, 0.69658, 0.18265, 0.11119, 0.01174, 0.51215, 0.15937, 0.53621, 0.22494, 0.86185, 0.74027, 0.42524]
Table 29
[0.67365, 0.59374, 0.80612, 0.96219, 0.17015, 0.76309, 0.9689, 0.80105, 0.90239, 0.39902, 0.62649, 0.82626, 0.03967, 0.21161, 0.47772, 0.95768, 0.63973, 0.17593, 0.45336, 0.72683, 0.8774, 0.67721, 0.52563, 0.4249, 0.22728, 0.62209, 0.38649, 0.5664, 0.64514]
[0.14234, 0.11142, 0.24198, 0.50294, 0.08995, 0.90276, 0.22681, 0.12337, 0.08838, 0.51181, 0.70789, 0.88233, 0.78304, 0.4326, 0.13716, 0.93147, 0.95604, 0.99647, 0.00049, 0.91765, 0.705, 0.7966, 0.95844, 0.105, 0.93087, 0.32019, 0.93, 0.99139, 0.80314]
[0.23868, 0.39349, 0.57591, 0.65236, 0.6568, 0.22112, 0.91204, 0.01897, 0.14592, 0.12706, 0.07843, 0.83891, 0.81532, 0.15579, 0.05252, 0.87648, 0.02419, 0.89432, 0.28244, 0.60744, 0.93189, 0.74219, 0.05561, 0.14894, 0.60443, 0.78975, 0.19021, 0.01847, 0.90698]
[0.4769, 0.6443, 0.48542, 0.53223, 0.8164, 0.19385, 0.66582, 0.51874, 0.65014, 0.74632, 0.15867, 0.61946, 0.82002, 0.43838, 0.65756, 0.16774, 0.07158, 0.15238, 0.38123, 0.21239, 0.18851, 0.25534, 0.63431, 0.3142, 0.83783, 0.41711, 0.7408, 0.64407, 0.55486]
[0.20753, 0.35101, 0.63552, 0.83886, 0.85712, 0.97001, 0.16706, 0.30736, 0.02984, 0.77523, 0.78927, 0.4691, 0.55623, 0.55952, 0.31079, 0.68191, 0.20986, 0.00151, 0.82837, 0.4843, 0.36146, 0.71586, 0.76905, 0.20563, 0.30062, 0.72462, 0.6069, 0.43736, 0.70777]
[0.43381, 0.20063, 0.15965, 0.51405, 0.43344, 0.0641, 0.41315, 0.72532, 0.56342, 0.25845, 0.26234, 0.59489, 0.59823, 0.35933, 0.12874, 0.19062, 0.25336, 0.12182, 0.22731, 0.60612, 0.85408, 0.09939, 0.58911, 0.42084, 0.68048, 0.55663, 0.83719, 0.2709, 0.95154]
[0.49239, 0.50089, 0.32605, 0.25797, 0.53397, 0.68001, 0.86675, 0.24755, 0.70822, 0.29599, 0.92933, 0.65004, 0.439, 0.47723, 0.69026, 0.50776, 0.26385, 0.57129, 0.01415, 0.44796, 0.9347, 0.27689, 0.95463, 0.14045, 0.53684, 0.55234, 0.23867, 0.05446, 0.26798]
[0.12184, 0.18354, 0.75559, 0.15008, 0.70178, 0.57413, 0.97069, 0.5882, 0.32863, 0.97971, 0.16853, 0.85526, 0.99201, 0.54235, 0.78316, 0.60081, 0.08702, 0.43033, 0.89255, 0.90066, 0.12143, 0.48045, 0.02101, 0.7915, 0.47712, 0.11821, 0.14487, 0.77792, 0.36066]
[0.04129, 0.26072, 0.44062, 0.7628, 0.88349, 0.13539, 0.53946, 0.49589, 0.70986, 0.81424, 0.92024, 0.88454, 0.82064, 0.66134, 0.94854, 0.68298, 0.80715, 0.73784, 0.67843, 0.12468, 0.10423, 0.09495, 0.51847, 0.28704, 0.33892, 0.14282, 0.26565, 0.92209, 0.27635]
[0.97977, 0.45575, 0.70199, 0.26849, 0.75302, 0.59007, 0.5631, 0.80862, 0.46453, 0.13846, 0.16943, 0.01973, 0.283, 0.45401, 0.91769, 0.404, 0.46734, 0.81587, 0.55921, 0.66951, 0.98607, 0.2777, 0.6228, 0.48351, 0.35004, 0.98989, 0.83613, 0.78308, 0.64084]
[0.85019, 0.84966, 0.09319, 0.81047, 0.95228, 0.68719, 0.24066, 0.51871, 0.00571, 0.35397, 0.26835, 0.5709, 0.90011, 0.69542, 0.45097, 0.6475, 0.0025, 0.12112, 0.59425, 0.0423, 0.00886, 0.36604, 0.15722, 0.49274, 0.62186, 0.80164, 0.10097, 0.86495, 0.15092]
[0.53858, 0.60426, 0.96681, 0.20108, 0.85553, 0.66185, 0.03707, 0.36724, 0.72333, 0.84497, 0.36416, 0.04942, 0.96851, 0.64606, 0.60735, 0.71608, 0.14906, 0.70007, 0.38556, 0.4922, 0.50265, 0.25283, 0.50094, 0.00424, 0.57728, 0.99696, 0.93913, 0.05951, 0.43107]
[0.08096, 0.56658, 0.41811, 0.97743, 0.88089, 0.71576, 0.08159, 0.82235, 0.39694, 0.1186, 0.32971, 0.58062, 0.53909, 0.78473, 0.68955, 0.6803, 0.77376, 0.67933, 0.53726, 0.97822, 0.85352, 0.97309, 0.6859, 0.52233, 0.30224, 0.85291, 0.09823, 0.59102, 0.79489]
[0.68818, 0.14895, 0.4206, 0.03036, 0.95832, 0.69694, 0.60569, 0.74039, 0.59677, 0.58188, 0.42318, 0.24248, 0.48896, 0.98221, 0.16861, 0.18117, 0.27185, 0.70145, 0.73942, 0.76939, 0.86301, 0.03063, 0.52127, 0.26659, 0.04487, 0.41742, 0.38957, 0.12732, 0.2657]
[0.47663, 0.89144, 0.72275, 0.3445, 0.37504, 0.1514, 0.18711, 0.56226, 0.12242, 0.8177, 0.17985, 0.38023, 0.50471, 0.19936, 0.10976, 0.40091, 0.90696, 0.11778, 0.34875, 0.26166, 0.90286, 0.79318, 0.69641, 0.20522, 0.449, 0.43607, 0.83552, 0.89795, 0.63928]
[0.7664, 0.2806, 0.94848, 0.61791, 0.25623, 0.59533, 0.31857, 0.50474, 0.34875, 0.4265, 0.43445, 0.21761, 0.05241, 0.84495, 0.79415, 0.6293, 0.32574, 0.07234, 0.33573, 0.81253, 0.55571, 0.25257, 0.45475, 0.73597, 0.76296, 0.75986, 0.56397, 0.373, 0.85843]
[0.98309, 0.05928, 0.74175, 0.66285, 0.76035, 0.41919, 0.20794, 0.65552, 0.746, 0.78861, 0.2532, 0.84794, 0.48188, 0.84174, 0.44503, 0.60288, 0.38432, 0.21989, 0.85431, 0.65764, 0.45047, 0.75197, 0.66947, 0.17978, 0.43202, 0.14243, 0.53109, 0.61579, 0.64597]
[0.61224, 0.72036, 0.89541, 0.26122, 0.70932, 0.07282, 0.98136, 0.5187, 0.60049, 0.10562, 0.37369, 0.06443, 0.86012, 0.52822, 0.99959, 0.7315, 0.52782, 0.38293, 0.17452, 0.44455, 0.78566, 0.53248, 0.28809, 0.81708, 0.75295, 0.68325, 0.39028, 0.10859, 0.3626]
[0.07316, 0.2086, 0.16001, 0.6148, 0.21545, 0.1874, 0.63793, 0.10102, 0.60529, 0.67783, 0.04941, 0.702, 0.00434, 0.18237, 0.68792, 0.91311, 0.56464, 0.09474, 0.92724, 0.32412, 0.33412, 0.07327, 0.77586, 0.30953, 0.9068, 0.38117, 0.14766, 0.26259, 0.71643]
[0.48083, 0.18143, 0.29977, 0.04701, 0.28655, 0.8967, 0.45963, 0.94128, 0.17332, 0.99597, 0.23273, 0.07164, 0.69398, 0.56833, 0.04696, 0.14198, 0.9654, 0.04266, 0.74969, 0.9313, 0.76323, 0.77029, 0.97578, 0.31627, 0.55136, 0.45236, 0.77706, 0.58433, 0.28529]
[0.74311, 0.37031, 0.21017, 0.89565, 0.63019, 0.72296, 0.74893, 0.10373, 0.26993, 0.14247, 0.31162, 0.18089, 0.36778, 0.67497, 0.66461, 0.4546, 0.27105, 0.16798, 0.683, 0.40217, 0.52972, 0.05888, 0.31886, 0.81866, 0.93228, 0.88644, 0.9339, 0.00663, 0.11715]
[0.91946, 0.36166, 0.94612, 0.27107, 0.29627, 0.70419, 0.0925, 0.07405, 0.09485, 0.43368, 0.4625, 0.81587, 0.69736, 0.40712, 0.78154, 0.94425, 0.80425, 0.08947, 0.53396, 0.17557, 0.59631, 0.84985, 0.32041, 0.48499, 0.4587, 0.5278, 0.97031, 0.31577, 0.70982]
[0.98053, 0.68634, 0.07745, 0.72811, 0.54088, 0.37045, 0.08162, 0.75372, 0.832, 0.06346, 0.2178, 0.23772, 0.36297, 0.79928, 0.65657, 0.43016, 0.53051, 0.53514, 0.39406, 0.86848, 0.40666, 0.27991, 0.03835, 0.94743, 0.65297, 0.89908, 0.30068, 0.92212, 0.91104]
[0.76664, 0.32311, 0.94192, 0.60717, 0.66643, 0.13021, 0.74712, 0.04624, 0.97669, 0.32376, 0.93224, 0.9137, 0.96883, 0.39727, 0.50822, 0.25792, 0.24455, 0.26203, 0.61665, 0.72361, 0.29947, 0.39557, 0.87823, 0.06049, 0.08087, 0.82856, 0.07691, 0.18627, 0.26663]
[0.32872, 0.82959, 0.3534, 0.84697, 0.24961, 0.7725, 0.99925, 0.61745, 0.46116, 0.39894, 0.9311, 0.16036, 0.49338, 0.76062, 0.3673, 0.62998, 0.53058, 0.96877, 0.48636, 0.74619, 0.50992, 0.80859, 0.58275, 0.52604, 0.20442, 0.95146, 0.20348, 0.33109, 0.70317]
[0.07517, 0.52405, 0.95094, 0.27582, 0.61653, 0.69538, 0.71328, 0.74952, 0.85812, 0.6765, 0.62183, 0.43538, 0.02532, 0.86916, 0.37216, 0.50526, 0.97123, 0.57793, 0.01423, 0.61643, 0.26378, 0.56841, 0.35018, 0.64866, 0.7187, 0.54104, 0.75008, 0.03868, 0.74698]
[0.50767, 0.81965, 0.22312, 0.60293, 0.89961, 0.72859, 0.29979, 0.66557, 0.14257, 0.88668, 0.36563, 0.04538, 0.88009, 0.17829, 0.00392, 0.5969, 0.47094, 0.07252, 0.06829, 0.67636, 0.15805, 0.91625, 0.68931, 0.20085, 0.01722, 0.37343, 0.56269, 0.95538, 0.28483]
[0.35714, 0.18498, 0.20682, 0.15182, 0.53889, 0.56515, 0.55396, 0.06545, 0.13736, 0.87438, 0.94702, 0.20126, 0.30928, 0.99893, 0.70038, 0.66002, 0.06719, 0.15688, 0.95162, 0.14376, 0.26475, 0.66713, 0.4602, 0.9253, 0.29801, 0.87093, 0.27905, 0.91898, 0.93099]
[0.69702, 0.0473, 0.03137, 0.84587, 0.86355, 0.03255, 0.8117, 0.69589, 0.00298, 0.95202, 0.03415, 0.46226, 0.94709, 0.34295, 0.17253, 0.60191, 0.36073, 0.14334, 0.14749, 0.39486, 0.87535, 0.32637, 0.22971, 0.5939, 0.92471, 0.00251, 0.33112, 0.85622, 0.17618]
Table 30
[0.44883, 0.00796, 0.03515, 0.78166, 0.43144, 0.3606, 0.45999, 0.85107, 0.94153, 0.6197, 0.69952, 0.30365, 0.47439, 0.57633, 0.21964, 0.89934, 0.68867, 0.06848, 0.89072, 0.8256, 0.6709, 0.0613, 0.57195, 0.44803, 0.62911, 0.93972, 0.79885, 0.11127, 0.09725, 0.50719]
[0.27943, 0.51391, 0.30066, 0.71088, 0.97005, 0.28152, 0.25725, 0.11412, 0.15849, 0.65164, 0.03221, 0.38076, 0.12864, 0.05477, 0.27636, 0.73311, 0.59102, 0.26809, 0.99701, 0.26782, 0.81609, 0.27373, 0.95449, 0.39136, 0.46191, 0.46208, 0.5816, 0.8401, 0.8456, 0.68688]
[0.60885, 0.78227, 0.71876, 0.02068, 0.91511, 0.85749, 0.69846, 0.00094, 0.68526, 0.93743, 0.14345, 0.69481, 0.83413, 0.69855, 0.46256, 0.75128, 0.20242, 0.05402, 0.76873, 0.46853, 0.52622, 0.20141, 0.44687, 0.78468, 0.20748, 0.43021, 0.88966, 0.8093, 0.15029, 0.64961]
[0.17556, 0.76222, 0.81661, 0.44329, 0.5836, 0.61223, 0.84174, 0.36608, 0.59827, 0.9865, 0.81085, 0.56918, 0.26086, 0.81758, 0.50659, 0.44239, 0.85632, 0.75521, 0.9441, 0.00524, 0.7397, 0.20099, 0.40544, 0.14856, 0.91693, 0.7173, 0.3477, 0.75994, 0.74598, 0.55662]
[0.31552, 0.67768, 0.61067, 0.30323, 0.0707, 0.75043, 0.28609, 0.63052, 0.26847, 0.02566, 0.40888, 0.84001, 0.4662, 0.63582, 0.8178, 0.03506, 0.83134, 0.95713, 0.18443, 0.06102, 0.4742, 0.98642, 0.04625, 0.87204, 0.80977, 0.53043, 0.467, 0.40586, 0.35407, 0.28941]
[0.78706, 0.60554, 0.56068, 0.76023, 0.03453, 0.73829, 0.50718, 0.98892, 0.076, 0.81259, 0.43081, 0.64706, 0.50271, 0.8789, 0.8717, 0.0966, 0.44967, 0.86727, 0.89676, 0.21635, 0.05236, 0.11321, 0.71338, 0.50335, 0.21559, 0.13167, 0.32077, 0.84591, 0.95519, 0.15623]
[0.89659, 0.77373, 0.91203, 0.54134, 0.43619, 0.05125, 0.10828, 0.94764, 0.55717, 0.36098, 0.1117, 0.88681, 0.6466, 0.15861, 0.79112, 0.43124, 0.4322, 0.26519, 0.04889, 0.36249, 0.18173, 0.05015, 0.21097, 0.44762, 0.55411, 0.4455, 0.35097, 0.45194, 0.62271, 0.82751]
[0.82531, 0.84531, 0.07736, 0.98412, 0.65916, 0.49445, 0.08983, 0.11881, 0.05142, 0.96926, 0.23358, 0.37574, 0.13005, 0.82765, 0.10435, 0.34291, 0.4018, 0.67204, 0.45544, 0.79474, 0.46389, 0.9675, 0.69665, 0.52557, 0.55857, 0.11226, 0.24133, 0.16422, 0.13926, 0.42092]
[0.43367, 0.66743, 0.29006, 0.41041, 0.82933, 0.58075, 0.56079, 0.6893, 0.49463, 0.03474, 0.57757, 0.59396, 0.44587, 0.70118, 0.29168, 0.06391, 0.56862, 0.19504, 0.55228, 0.64083, 0.57444, 0.68344, 0.61252, 0.08127, 0.74493, 0.06589, 0.61319, 0.3966, 0.03159, 0.65268]
[0.46394, 0.57874, 0.0634, 0.44245, 0.38803, 0.25789, 0.88814, 0.48782, 0.51506, 0.12716, 0.24031, 0.45325, 0.8486, 0.13332, 0.3782, 0.17574, 0.52309, 0.51466, 0.76648, 0.48465, 0.55196, 0.74229, 0.49111, 0.43974, 0.91198, 0.32504, 0.41638, 0.25907, 0.91852, 0.12207]
[0.94489, 0.54059, 0.4027, 0.45681, 0.31947, 0.75827, 0.05027, 0.34827, 0.34396, 0.04112, 0.28464, 0.07837, 0.09477, 0.61727, 0.30243, 0.74313, 0.15235, 0.4777, 0.34157, 0.78391, 0.80131, 0.69828, 0.34728, 0.09737, 0.61168, 0.90676, 0.64195, 0.43435, 0.70668, 0.12231]
[0.38559, 0.95213, 0.61254, 0.18215, 0.38382, 0.59079, 0.28913, 0.20127, 0.65003, 0.71717, 0.31106, 0.25466, 0.84789, 0.90595, 0.85535, 0.94329, 0.9183, 0.67316, 0.1947, 0.93464, 0.49369, 0.6731, 0.88341, 0.18399, 0.71205, 0.34097, 0.1526, 0.6768, 0.00823, 0.14543]
[0.52553, 0.70068, 0.97276, 0.49514, 0.20009, 0.02967, 0.2276, 0.52399, 0.31947, 0.96745, 0.92458, 0.66498, 0.22686, 0.42927, 0.69436, 0.97604, 0.6522, 0.8822, 0.66575, 0.95803, 0.89224, 0.49711, 0.47368, 0.76657, 0.28625, 0.00189, 0.13134, 0.29669, 0.35016, 0.91477]
[0.64626, 0.23367, 0.44791, 0.56705, 0.83578, 0.28867, 0.06392, 0.28713, 0.5147, 0.40948, 0.17849, 0.25606, 0.76597, 0.66877, 0.00014, 0.14127, 0.29178, 0.24341, 0.61084, 0.51474, 0.49466, 0.15619, 0.14215, 0.9504, 0.64163, 0.42031, 0.30882, 0.31479, 0.39425, 0.08863]
[0.96767, 0.76233, 0.5224, 0.31513, 0.91638, 0.77428, 0.19771, 0.88654, 0.12245, 0.56238, 0.54729, 0.985, 0.48967, 0.26925, 0.5051, 0.63155, 0.6153, 0.10441, 0.94198, 0.06358, 0.98956, 0.76431, 0.45131, 0.75886, 0.73615, 0.87793, 0.45142, 0.91451, 0.22992, 0.79778]
[0.10095, 0.67794, 0.23956, 0.00552, 0.57837, 0.67284, 0.22948, 0.8754, 0.91194, 0.02073, 0.76353, 0.24875, 0.36839, 0.96283, 0.34396, 0.43182, 0.67975, 0.78057, 0.04347, 0.00818, 0.86091, 0.74429, 0.24363, 0.52893, 0.52526, 0.98311, 0.07569, 0.59394, 0.69907, 0.02504]
[0.66726, 0.36243, 0.28657, 0.79451, 0.23115, 0.7, 0.64298, 0.37072, 0.25814, 0.07299, 0.12415, 0.9135, 0.39966, 0.02729, 0.85149, 0.88274, 0.28935, 0.78243, 0.06264, 0.09323, 0.93387, 0.49721, 0.54503, 0.54421, 0.83065, 0.11094, 0.16413, 0.76148, 0.45961, 0.38913]
[0.21583, 0.75471, 0.7674, 0.79563, 0.30872, 0.29543, 0.56588, 0.21719, 0.20277, 0.4785, 0.1453, 0.66844, 0.79843, 0.50623, 0.84584, 0.48211, 0.4163, 0.57393, 0.46527, 0.8458, 0.64859, 0.09878, 0.57403, 0.34181, 0.92148, 0.47058, 0.94182, 0.63794, 0.9779, 0.48345]
[0.02057, 0.25109, 0.74882, 0.26982, 0.55599, 0.12052, 0.37404, 0.20977, 0.93228, 0.08497, 0.07223, 0.23235, 0.0522, 0.4157, 0.61567, 0.82896, 0.52799, 0.56047, 0.3071, 0.99002, 0.17151, 0.97551, 0.67551, 0.30413, 0.84083, 0.721, 0.51228, 0.92622, 0.54192, 0.00076]
[0.78158, 0.20563, 0.81434, 0.53107, 0.28166, 0.31227, 0.46002, 0.53928, 0.53148, 0.68362, 0.2649, 0.82392, 0.53678, 0.79762, 0.18106, 0.54072, 0.63009, 0.29364, 0.80644, 0.93277, 0.80833, 0.57166, 0.92867, 0.98952, 0.23793, 0.09861, 0.88156, 0.72543, 0.89564, 0.62294]
[0.31217, 0.27874, 0.1989, 0.41049, 0.75872, 0.74052, 0.51836, 0.57975, 0.52108, 0.86046, 0.55817, 0.58809, 0.21538, 0.65007, 0.7568, 0.95117, 0.3694, 0.92872, 0.76786, 0.13778, 0.90851, 0.67785, 0.27999, 0.7874, 0.43574, 0.61801, 0.98763, 0.72777, 0.89752, 0.75294]
[0.80803, 0.06719, 0.94062, 0.37928, 0.68728, 0.78003, 0.7716, 0.98771, 0.44307, 0.72226, 0.35243, 0.91897, 0.57425, 0.54819, 0.99431, 0.0462, 0.04481, 0.62042, 0.21118, 0.16382, 0.06248, 0.841, 0.92288, 0.47577, 0.83442, 0.03035, 0.89345, 0.41814, 0.58147, 0.16306]
[0.72798, 0.92449, 0.82171, 0.94131, 0.47129, 0.22724, 0.65392, 0.34152, 0.88259, 0.48186, 0.47314, 0.45693, 0.19307, 0.04604, 0.18011, 0.37361, 0.75124, 0.07253, 0.32333, 0.42185, 0.86701, 0.37648, 0.06326, 0.51773, 0.07056, 0.1666, 0.87009, 0.80365, 0.74569, 0.48617]
[0.81572, 0.47449, 0.03296, 0.45318, 0.76565, 0.18317, 0.19748, 0.48622, 0.20405, 0.33912, 0.96001, 0.51843, 0.30397, 0.42708, 0.72754, 0.43738, 0.26191, 0.96943, 0.96353, 0.20344, 0.91851, 0.50054, 0.76809, 0.09008, 0.22827, 0.38802, 0.36097, 0.72031, 0.91053, 0.36542]
[0.51114, 0.09249, 0.7957, 0.10427, 0.11385, 0.45028, 0.21183, 0.47649, 0.61905, 0.17646, 0.92865, 0.42205, 0.10273, 0.29327, 0.59959, 0.98604, 0.13044, 0.18933, 0.7455, 0.93791, 0.14828, 0.14703, 0.74531, 0.83628, 0.58898, 0.44825, 0.39612, 0.0833, 0.23429, 0.20848]
[0.12506, 0.33136, 0.92305, 0.01073, 0.58015, 0.14721, 0.99502, 0.3903, 0.58979, 0.61677, 0.3905, 0.57424, 0.20529, 0.99895, 0.10372, 0.23903, 0.65919, 0.9659, 0.30459, 0.11141, 0.46251, 0.77396, 0.43726, 0.3713, 0.14287, 0.93893, 0.62196, 0.26898, 0.68721, 0.17122]
[0.34008, 0.01125, 0.56687, 0.8236, 0.75579, 0.03305, 0.85412, 0.8158, 0.77412, 0.20422, 0.84852, 0.18921, 0.87934, 0.97553, 0.61571, 0.96183, 0.22569, 0.15795, 0.8121, 0.18127, 0.48344, 0.30631, 0.20298, 0.328, 0.86575, 0.57964, 0.40937, 0.54712, 0.30703, 0.69662]
[0.03103, 0.00456, 0.82079, 0.65702, 0.99994, 0.47858, 0.84749, 0.56019, 0.38548, 0.41611, 0.43816, 0.60856, 0.06258, 0.72965, 0.32041, 0.86499, 0.76121, 0.33234, 0.93442, 0.37491, 0.4196, 0.4889, 0.14454, 0.4397, 0.98762, 0.33468, 0.98826, 0.3965, 0.2177, 0.81041]
[0.16307, 0.50521, 0.51761, 0.07355, 0.72408, 0.4649, 0.068, 0.86951, 0.22089, 0.93473, 0.61635, 0.66834, 0.65945, 0.53176, 0.19896, 0.98604, 0.33552, 0.36715, 0.41271, 0.48997, 0.41578, 0.30423, 0.14918, 0.67681, 0.87258, 0.97442, 0.16048, 0.38197, 0.00727, 0.71549]
[0.3896, 0.34994, 0.70903, 0.55258, 0.6549, 0.83791, 0.28349, 0.26674, 0.66482, 0.52287, 0.56654, 0.91869, 0.37623, 0.38765, 0.89475, 0.10605, 0.41647, 0.03101, 0.55374, 0.55188, 0.57327, 0.1104, 0.80012, 0.62015, 0.52052, 0.47668, 0.53664, 0.34483, 0.96775, 0.69222]
